Iteration 1 start with 142 nodes
0 7125
0 1 375
0 2 -125
0 3 -125
0 4 -250
0 6 125
0 7 250
0 8 375
0 9 500
0 10 -125
0 14 -125
0 47 375
0 49 125
0 50 250
0 51 375
0 52 500
0 66 375
0 81 375
0 83 -125
0 84 -250
0 141 2000
--------------------------------------
1 6850
1 0 375
1 2 375
1 3 375
1 4 375
1 6 -125
1 7 -250
1 8 -375
1 9 -500
1 10 375
1 32 375
1 65 375
1 81 -125
1 93 125
1 94 250
1 119 -125
1 121 125
1 122 250
1 137 -125
1 139 125
1 140 250
1 141 -1475
--------------------------------------
2 4250
2 0 -125
2 1 375
2 3 -125
2 4 -125
2 6 125
2 7 250
2 8 375
2 9 500
2 31 375
2 127 375
2 129 -125
2 130 -250
2 141 1125
--------------------------------------
3 4250
3 0 -125
3 1 375
3 2 -125
3 4 -125
3 6 125
3 7 250
3 8 375
3 9 500
3 11 375
3 123 375
3 125 -125
3 126 -250
3 141 1125
--------------------------------------
4 7125
4 0 -250
4 1 375
4 2 -125
4 3 -125
4 6 125
4 7 250
4 8 375
4 9 500
4 10 -125
4 14 -125
4 47 375
4 49 125
4 50 250
4 51 375
4 52 500
4 66 375
4 102 375
4 104 -125
4 105 -250
4 141 2000
--------------------------------------
5 875
5 6 -125
5 7 -125
5 8 -125
5 9 -125
5 141 -375
--------------------------------------
6 3250
6 0 125
6 1 -125
6 2 125
6 3 125
6 4 125
6 5 -125
6 7 -375
6 8 -500
6 9 -625
6 141 -1000
--------------------------------------
7 5375
7 0 250
7 1 -250
7 2 250
7 3 250
7 4 250
7 5 -125
7 6 -375
7 8 -875
7 9 -1125
7 141 -1625
--------------------------------------
8 7250
8 0 375
8 1 -375
8 2 375
8 3 375
8 4 375
8 5 -125
8 6 -500
8 7 -875
8 9 -1625
8 141 -2250
--------------------------------------
9 8875
9 0 500
9 1 -500
9 2 500
9 3 500
9 4 500
9 5 -125
9 6 -625
9 7 -1125
9 8 -1625
9 141 -2875
--------------------------------------
10 4875
10 0 -125
10 1 375
10 4 -125
10 11 375
10 13 125
10 14 -125
10 47 375
10 49 125
10 50 250
10 51 375
10 52 500
10 81 375
10 93 -125
10 94 -250
10 141 1250
--------------------------------------
11 3250.5
11 3 375
11 10 375
11 13 -125
11 14 375
11 41 375
11 85 -125
11 87 125
11 88 250
11 106 -125
11 108 125
11 109 250
11 123 -125
11 125 125
11 126 250
11 141 -125.5
--------------------------------------
12 125
12 13 -125
--------------------------------------
13 500
13 10 125
13 11 -125
13 12 -125
13 141 125
--------------------------------------
14 6125
14 0 -125
14 4 -125
14 10 -125
14 11 375
14 15 375
14 16 -125
14 17 -125
14 19 125
14 20 250
14 21 375
14 47 375
14 49 125
14 50 250
14 51 375
14 52 500
14 106 375
14 108 -125
14 109 -250
14 141 1625
--------------------------------------
15 3600
15 14 375
15 16 375
15 17 375
15 19 -125
15 20 -250
15 21 -375
15 57 375
15 98 -125
15 100 125
15 101 250
15 141 -850
--------------------------------------
16 5125
16 14 -125
16 15 375
16 17 -250
16 19 125
16 20 250
16 21 375
16 26 -125
16 36 375
16 38 125
16 39 250
16 40 375
16 111 375
16 112 375
16 132 -125
16 133 -250
16 141 1250
--------------------------------------
17 6625
17 14 -125
17 15 375
17 16 -250
17 19 125
17 20 250
17 21 375
17 26 -125
17 36 375
17 38 125
17 39 250
17 40 375
17 110 375
17 111 375
17 112 375
17 113 375
17 115 -125
17 116 -250
17 117 -375
17 118 -500
17 141 1125
--------------------------------------
18 625
18 19 -125
18 20 -125
18 21 -125
18 141 -250
--------------------------------------
19 2000
19 14 125
19 15 -125
19 16 125
19 17 125
19 18 -125
19 20 -375
19 21 -500
19 141 -500
--------------------------------------
20 3125
20 14 250
20 15 -250
20 16 250
20 17 250
20 18 -125
20 19 -375
20 21 -875
20 141 -750
--------------------------------------
21 4000
21 14 375
21 15 -375
21 16 375
21 17 375
21 18 -125
21 19 -500
21 20 -875
21 141 -1000
--------------------------------------
22 1250
22 23 375
22 25 125
22 95 375
22 97 -125
22 141 250
--------------------------------------
23 525
23 22 375
23 25 -125
23 141 25
--------------------------------------
24 125
24 25 -125
--------------------------------------
25 500
25 22 125
25 23 -125
25 24 -125
25 141 125
--------------------------------------
26 3125
26 16 -125
26 17 -125
26 27 375
26 29 125
26 36 375
26 38 125
26 39 250
26 40 375
26 89 375
26 91 -125
26 141 750
--------------------------------------
27 1400
27 26 375
27 29 -125
27 61 375
27 69 -125
27 71 125
27 72 250
27 141 25
--------------------------------------
28 125
28 29 -125
--------------------------------------
29 500
29 26 125
29 27 -125
29 28 -125
29 141 125
--------------------------------------
30 2500
30 31 375
30 32 -125
30 34 125
30 35 250
30 42 375
30 77 375
30 79 -125
30 80 -250
30 141 500
--------------------------------------
31 2350
31 2 375
31 30 375
31 32 375
31 34 -125
31 35 -250
31 127 -125
31 129 125
31 130 250
31 141 -350
--------------------------------------
32 2500
32 1 375
32 30 -125
32 31 375
32 34 125
32 35 250
32 137 375
32 139 -125
32 140 -250
32 141 500
--------------------------------------
33 375
33 34 -125
33 35 -125
33 141 -125
--------------------------------------
34 1000
34 30 125
34 31 -125
34 32 125
34 33 -125
34 35 -375
34 141 -125
--------------------------------------
35 1375
35 30 250
35 31 -250
35 32 250
35 33 -125
35 34 -375
35 141 -125
--------------------------------------
36 2725
36 16 375
36 17 375
36 26 375
36 38 -125
36 39 -250
36 40 -375
36 141 -850
--------------------------------------
37 625
37 38 -125
37 39 -125
37 40 -125
37 141 -250
--------------------------------------
38 2000
38 16 125
38 17 125
38 26 125
38 36 -125
38 37 -125
38 39 -375
38 40 -500
38 141 -500
--------------------------------------
39 3125
39 16 250
39 17 250
39 26 250
39 36 -250
39 37 -125
39 38 -375
39 40 -875
39 141 -750
--------------------------------------
40 4000
40 16 375
40 17 375
40 26 375
40 36 -375
40 37 -125
40 38 -500
40 39 -875
40 141 -1000
--------------------------------------
41 2500
41 11 375
41 42 375
41 43 -125
41 45 125
41 46 250
41 85 375
41 87 -125
41 88 -250
41 141 500
--------------------------------------
42 2350
42 30 375
42 41 375
42 43 375
42 45 -125
42 46 -250
42 77 -125
42 79 125
42 80 250
42 141 -350
--------------------------------------
43 2500
43 41 -125
43 42 375
43 45 125
43 46 250
43 58 375
43 73 375
43 75 -125
43 76 -250
43 141 500
--------------------------------------
44 375
44 45 -125
44 46 -125
44 141 -125
--------------------------------------
45 1000
45 41 125
45 42 -125
45 43 125
45 44 -125
45 46 -375
45 141 -125
--------------------------------------
46 1375
46 41 250
46 42 -250
46 43 250
46 44 -125
46 45 -375
46 141 -125
--------------------------------------
47 4375.5
47 0 375
47 4 375
47 10 375
47 14 375
47 49 -125
47 50 -250
47 51 -375
47 52 -500
47 141 -1625.5
--------------------------------------
48 875
48 49 -125
48 50 -125
48 51 -125
48 52 -125
48 141 -375
--------------------------------------
49 3250
49 0 125
49 4 125
49 10 125
49 14 125
49 47 -125
49 48 -125
49 50 -375
49 51 -500
49 52 -625
49 141 -1000
--------------------------------------
50 5375
50 0 250
50 4 250
50 10 250
50 14 250
50 47 -250
50 48 -125
50 49 -375
50 51 -875
50 52 -1125
50 141 -1625
--------------------------------------
51 7250
51 0 375
51 4 375
51 10 375
51 14 375
51 47 -375
51 48 -125
51 49 -500
51 50 -875
51 52 -1625
51 141 -2250
--------------------------------------
52 8875
52 0 500
52 4 500
52 10 500
52 14 500
52 47 -500
52 48 -125
52 49 -625
52 50 -1125
52 51 -1625
52 141 -2875
--------------------------------------
53 1250
53 54 375
53 56 125
53 134 375
53 136 -125
53 141 250
--------------------------------------
54 525
54 53 375
54 56 -125
54 141 25
--------------------------------------
55 125
55 56 -125
--------------------------------------
56 500
56 53 125
56 54 -125
56 55 -125
56 141 125
--------------------------------------
57 2000
57 15 375
57 58 375
57 60 125
57 98 375
57 100 -125
57 101 -250
57 141 375
--------------------------------------
58 1400
58 43 375
58 57 375
58 60 -125
58 73 -125
58 75 125
58 76 250
58 141 25
--------------------------------------
59 125
59 60 -125
--------------------------------------
60 500
60 57 125
60 58 -125
60 59 -125
60 141 125
--------------------------------------
61 2000
61 27 375
61 62 375
61 64 125
61 69 375
61 71 -125
61 72 -250
61 141 375
--------------------------------------
62 525
62 61 375
62 64 -125
62 141 25
--------------------------------------
63 125
63 64 -125
--------------------------------------
64 500
64 61 125
64 62 -125
64 63 -125
64 141 125
--------------------------------------
65 2000
65 1 375
65 66 375
65 68 125
65 119 375
65 121 -125
65 122 -250
65 141 375
--------------------------------------
66 2275
66 0 375
66 4 375
66 65 375
66 68 -125
66 81 -125
66 83 125
66 84 250
66 102 -125
66 104 125
66 105 250
66 141 25
--------------------------------------
67 125
67 68 -125
--------------------------------------
68 500
68 65 125
68 66 -125
68 67 -125
68 141 125
--------------------------------------
69 875
69 27 -125
69 61 375
69 71 125
69 72 250
--------------------------------------
70 375
70 71 -125
70 72 -125
70 141 -125
--------------------------------------
71 1250
71 27 125
71 61 -125
71 69 125
71 70 -125
71 72 -375
71 141 -375
--------------------------------------
72 1875
72 27 250
72 61 -250
72 69 250
72 70 -125
72 71 -375
72 141 -625
--------------------------------------
73 875
73 43 375
73 58 -125
73 75 125
73 76 250
--------------------------------------
74 375
74 75 -125
74 76 -125
74 141 -125
--------------------------------------
75 1250
75 43 -125
75 58 125
75 73 125
75 74 -125
75 76 -375
75 141 -375
--------------------------------------
76 1875
76 43 -250
76 58 250
76 73 250
76 74 -125
76 75 -375
76 141 -625
--------------------------------------
77 875
77 30 375
77 42 -125
77 79 125
77 80 250
--------------------------------------
78 375
78 79 -125
78 80 -125
78 141 -125
--------------------------------------
79 1250
79 30 -125
79 42 125
79 77 125
79 78 -125
79 80 -375
79 141 -375
--------------------------------------
80 1875
80 30 -250
80 42 250
80 77 250
80 78 -125
80 79 -375
80 141 -625
--------------------------------------
81 1750
81 0 375
81 1 -125
81 10 375
81 66 -125
81 83 125
81 84 250
81 93 125
81 94 250
--------------------------------------
82 375
82 83 -125
82 84 -125
82 141 -125
--------------------------------------
83 1250
83 0 -125
83 66 125
83 81 125
83 82 -125
83 84 -375
83 141 -375
--------------------------------------
84 1875
84 0 -250
84 66 250
84 81 250
84 82 -125
84 83 -375
84 141 -625
--------------------------------------
85 875
85 11 -125
85 41 375
85 87 125
85 88 250
--------------------------------------
86 375
86 87 -125
86 88 -125
86 141 -125
--------------------------------------
87 1250
87 11 125
87 41 -125
87 85 125
87 86 -125
87 88 -375
87 141 -375
--------------------------------------
88 1875
88 11 250
88 41 -250
88 85 250
88 86 -125
88 87 -375
88 141 -625
--------------------------------------
89 625
89 26 375
89 91 125
89 141 -125
--------------------------------------
90 125
90 91 -125
--------------------------------------
91 500
91 26 -125
91 89 125
91 90 -125
91 141 -125
--------------------------------------
92 375
92 93 -125
92 94 -125
92 141 -125
--------------------------------------
93 1250
93 1 125
93 10 -125
93 81 125
93 92 -125
93 94 -375
93 141 -375
--------------------------------------
94 1875
94 1 250
94 10 -250
94 81 250
94 92 -125
94 93 -375
94 141 -625
--------------------------------------
95 625
95 22 375
95 97 125
95 141 -125
--------------------------------------
96 125
96 97 -125
--------------------------------------
97 500
97 22 -125
97 95 125
97 96 -125
97 141 -125
--------------------------------------
98 875
98 15 -125
98 57 375
98 100 125
98 101 250
--------------------------------------
99 375
99 100 -125
99 101 -125
99 141 -125
--------------------------------------
100 1250
100 15 125
100 57 -125
100 98 125
100 99 -125
100 101 -375
100 141 -375
--------------------------------------
101 1875
101 15 250
101 57 -250
101 98 250
101 99 -125
101 100 -375
101 141 -625
--------------------------------------
102 875
102 4 375
102 66 -125
102 104 125
102 105 250
--------------------------------------
103 375
103 104 -125
103 105 -125
103 141 -125
--------------------------------------
104 1250
104 4 -125
104 66 125
104 102 125
104 103 -125
104 105 -375
104 141 -375
--------------------------------------
105 1875
105 4 -250
105 66 250
105 102 250
105 103 -125
105 104 -375
105 141 -625
--------------------------------------
106 875
106 11 -125
106 14 375
106 108 125
106 109 250
--------------------------------------
107 375
107 108 -125
107 109 -125
107 141 -125
--------------------------------------
108 1250
108 11 125
108 14 -125
108 106 125
108 107 -125
108 109 -375
108 141 -375
--------------------------------------
109 1875
109 11 250
109 14 -250
109 106 250
109 107 -125
109 108 -375
109 141 -625
--------------------------------------
110 2625
110 17 375
110 111 -125
110 112 -125
110 113 -125
110 115 125
110 116 250
110 117 375
110 118 500
110 141 625
--------------------------------------
111 3500
111 16 375
111 17 375
111 110 -125
111 112 -250
111 113 -125
111 115 125
111 116 250
111 117 375
111 118 500
111 132 125
111 133 250
111 141 625
--------------------------------------
112 3500
112 16 375
112 17 375
112 110 -125
112 111 -250
112 113 -125
112 115 125
112 116 250
112 117 375
112 118 500
112 132 125
112 133 250
112 141 625
--------------------------------------
113 2625
113 17 375
113 110 -125
113 111 -125
113 112 -125
113 115 125
113 116 250
113 117 375
113 118 500
113 141 625
--------------------------------------
114 875
114 115 -125
114 116 -125
114 117 -125
114 118 -125
114 141 -375
--------------------------------------
115 3500
115 17 -125
115 110 125
115 111 125
115 112 125
115 113 125
115 114 -125
115 116 -375
115 117 -500
115 118 -625
115 141 -1250
--------------------------------------
116 5875
116 17 -250
116 110 250
116 111 250
116 112 250
116 113 250
116 114 -125
116 115 -375
116 117 -875
116 118 -1125
116 141 -2125
--------------------------------------
117 8000
117 17 -375
117 110 375
117 111 375
117 112 375
117 113 375
117 114 -125
117 115 -500
117 116 -875
117 118 -1625
117 141 -3000
--------------------------------------
118 9875
118 17 -500
118 110 500
118 111 500
118 112 500
118 113 500
118 114 -125
118 115 -625
118 116 -1125
118 117 -1625
118 141 -3875
--------------------------------------
119 875
119 1 -125
119 65 375
119 121 125
119 122 250
--------------------------------------
120 375
120 121 -125
120 122 -125
120 141 -125
--------------------------------------
121 1250
121 1 125
121 65 -125
121 119 125
121 120 -125
121 122 -375
121 141 -375
--------------------------------------
122 1875
122 1 250
122 65 -250
122 119 250
122 120 -125
122 121 -375
122 141 -625
--------------------------------------
123 875
123 3 375
123 11 -125
123 125 125
123 126 250
--------------------------------------
124 375
124 125 -125
124 126 -125
124 141 -125
--------------------------------------
125 1250
125 3 -125
125 11 125
125 123 125
125 124 -125
125 126 -375
125 141 -375
--------------------------------------
126 1875
126 3 -250
126 11 250
126 123 250
126 124 -125
126 125 -375
126 141 -625
--------------------------------------
127 875
127 2 375
127 31 -125
127 129 125
127 130 250
--------------------------------------
128 375
128 129 -125
128 130 -125
128 141 -125
--------------------------------------
129 1250
129 2 -125
129 31 125
129 127 125
129 128 -125
129 130 -375
129 141 -375
--------------------------------------
130 1875
130 2 -250
130 31 250
130 127 250
130 128 -125
130 129 -375
130 141 -625
--------------------------------------
131 375
131 132 -125
131 133 -125
131 141 -125
--------------------------------------
132 1250
132 16 -125
132 111 125
132 112 125
132 131 -125
132 133 -375
132 141 -375
--------------------------------------
133 1875
133 16 -250
133 111 250
133 112 250
133 131 -125
133 132 -375
133 141 -625
--------------------------------------
134 625
134 53 375
134 136 125
134 141 -125
--------------------------------------
135 125
135 136 -125
--------------------------------------
136 500
136 53 -125
136 134 125
136 135 -125
136 141 -125
--------------------------------------
137 875
137 1 -125
137 32 375
137 139 125
137 140 250
--------------------------------------
138 375
138 139 -125
138 140 -125
138 141 -125
--------------------------------------
139 1250
139 1 125
139 32 -125
139 137 125
139 138 -125
139 140 -375
139 141 -375
--------------------------------------
140 1875
140 1 250
140 32 -250
140 137 250
140 138 -125
140 139 -375
140 141 -625
--------------------------------------
141 74151
141 0 2000
141 1 -1475
141 2 1125
141 3 1125
141 4 2000
141 5 -375
141 6 -1000
141 7 -1625
141 8 -2250
141 9 -2875
141 10 1250
141 11 -125.5
141 13 125
141 14 1625
141 15 -850
141 16 1250
141 17 1125
141 18 -250
141 19 -500
141 20 -750
141 21 -1000
141 22 250
141 23 25
141 25 125
141 26 750
141 27 25
141 29 125
141 30 500
141 31 -350
141 32 500
141 33 -125
141 34 -125
141 35 -125
141 36 -850
141 37 -250
141 38 -500
141 39 -750
141 40 -1000
141 41 500
141 42 -350
141 43 500
141 44 -125
141 45 -125
141 46 -125
141 47 -1625.5
141 48 -375
141 49 -1000
141 50 -1625
141 51 -2250
141 52 -2875
141 53 250
141 54 25
141 56 125
141 57 375
141 58 25
141 60 125
141 61 375
141 62 25
141 64 125
141 65 375
141 66 25
141 68 125
141 70 -125
141 71 -375
141 72 -625
141 74 -125
141 75 -375
141 76 -625
141 78 -125
141 79 -375
141 80 -625
141 82 -125
141 83 -375
141 84 -625
141 86 -125
141 87 -375
141 88 -625
141 89 -125
141 91 -125
141 92 -125
141 93 -375
141 94 -625
141 95 -125
141 97 -125
141 99 -125
141 100 -375
141 101 -625
141 103 -125
141 104 -375
141 105 -625
141 107 -125
141 108 -375
141 109 -625
141 110 625
141 111 625
141 112 625
141 113 625
141 114 -375
141 115 -1250
141 116 -2125
141 117 -3000
141 118 -3875
141 120 -125
141 121 -375
141 122 -625
141 124 -125
141 125 -375
141 126 -625
141 128 -125
141 129 -375
141 130 -625
141 131 -125
141 132 -375
141 133 -625
141 134 -125
141 136 -125
141 138 -125
141 139 -375
141 140 -625
--------------------------------------
--------------------------------------
Find NGs with k = 2
Finding NGs in 1e-05s
Merging NGs in 3.1e-05s
0 7125
0 1 375
0 2 -125
0 3 -125
0 4 -250
0 6 125
0 7 250
0 8 375
0 9 500
0 10 -125
0 14 -125
0 47 375
0 49 125
0 50 250
0 51 375
0 52 500
0 66 375
0 81 375
0 83 -125
0 84 -250
0 13 2000
--------------------------------------
1 6850
1 0 375
1 2 375
1 3 375
1 4 375
1 6 -125
1 7 -250
1 8 -375
1 9 -500
1 10 375
1 32 375
1 65 375
1 81 -125
1 93 125
1 94 250
1 119 -125
1 121 125
1 122 250
1 24 -125
1 23 125
1 12 250
1 13 -1475
--------------------------------------
2 4250
2 0 -125
2 1 375
2 3 -125
2 4 -125
2 6 125
2 7 250
2 8 375
2 9 500
2 31 375
2 90 375
2 63 -125
2 61 -250
2 13 1125
--------------------------------------
3 4250
3 0 -125
3 1 375
3 2 -125
3 4 -125
3 6 125
3 7 250
3 8 375
3 9 500
3 11 375
3 123 375
3 125 -125
3 96 -250
3 13 1125
--------------------------------------
4 7125
4 0 -250
4 1 375
4 2 -125
4 3 -125
4 6 125
4 7 250
4 8 375
4 9 500
4 10 -125
4 14 -125
4 47 375
4 49 125
4 50 250
4 51 375
4 52 500
4 66 375
4 102 375
4 104 -125
4 105 -250
4 13 2000
--------------------------------------
5 875
5 6 -125
5 7 -125
5 8 -125
5 9 -125
5 13 -375
--------------------------------------
6 3250
6 0 125
6 1 -125
6 2 125
6 3 125
6 4 125
6 5 -125
6 7 -375
6 8 -500
6 9 -625
6 13 -1000
--------------------------------------
7 5375
7 0 250
7 1 -250
7 2 250
7 3 250
7 4 250
7 5 -125
7 6 -375
7 8 -875
7 9 -1125
7 13 -1625
--------------------------------------
8 7250
8 0 375
8 1 -375
8 2 375
8 3 375
8 4 375
8 5 -125
8 6 -500
8 7 -875
8 9 -1625
8 13 -2250
--------------------------------------
9 8875
9 0 500
9 1 -500
9 2 500
9 3 500
9 4 500
9 5 -125
9 6 -625
9 7 -1125
9 8 -1625
9 13 -2875
--------------------------------------
10 4875
10 0 -125
10 1 375
10 4 -125
10 11 375
10 13 1250
10 14 -125
10 47 375
10 49 125
10 50 250
10 51 375
10 52 500
10 81 375
10 93 -125
10 94 -250
10 95 -125
--------------------------------------
11 3250.5
11 3 375
11 10 375
11 13 -125.5
11 14 375
11 41 375
11 85 -125
11 87 125
11 88 250
11 106 -125
11 108 125
11 109 250
11 123 -125
11 125 125
11 96 250
11 95 125
--------------------------------------
12 1875
12 1 250
12 32 -250
12 24 250
12 22 -125
12 23 -375
12 13 -625
--------------------------------------
13 73401
13 0 2000
13 1 -1475
13 2 1125
13 3 1125
13 4 2000
13 5 -375
13 6 -1000
13 7 -1625
13 8 -2250
13 9 -2875
13 10 1250
13 11 -125.5
13 12 -625
13 14 1625
13 15 -850
13 16 1250
13 17 1125
13 18 -250
13 19 -500
13 20 -750
13 21 -1000
13 22 -125
13 23 -375
13 25 150
13 26 -125
13 27 25
13 29 625
13 30 500
13 31 -350
13 32 500
13 33 -125
13 34 -125
13 35 -125
13 36 -850
13 37 -250
13 38 -500
13 39 -750
13 40 -1000
13 41 500
13 42 -350
13 43 500
13 44 -125
13 45 -125
13 46 -125
13 47 -1625.5
13 48 -375
13 49 -1000
13 50 -1625
13 51 -2250
13 52 -2875
13 53 -625
13 54 -125
13 56 150
13 57 375
13 58 25
13 60 -125
13 55 -375
13 62 -125
13 64 400
13 65 375
13 66 25
13 68 -125
13 70 -125
13 71 -375
13 72 -625
13 74 -125
13 75 -375
13 76 -625
13 78 -125
13 79 -375
13 80 -625
13 82 -125
13 83 -375
13 84 -625
13 86 -125
13 87 -375
13 88 -625
13 89 -125
13 91 -125
13 92 -125
13 93 -375
13 94 -625
13 95 -125
13 97 125
13 99 -125
13 100 -375
13 101 -625
13 103 -125
13 104 -375
13 105 -625
13 107 -125
13 108 -375
13 109 -625
13 110 625
13 111 625
13 112 625
13 113 625
13 114 -375
13 115 -1250
13 116 -2125
13 117 -3000
13 118 -3875
13 120 -125
13 121 -375
13 122 -625
13 124 -125
13 125 -375
13 96 -625
13 67 -125
13 63 -375
13 61 -625
13 59 -125
13 126 125
--------------------------------------
14 6125
14 0 -125
14 4 -125
14 10 -125
14 11 375
14 15 375
14 16 -125
14 17 -125
14 19 125
14 20 250
14 21 375
14 47 375
14 49 125
14 50 250
14 51 375
14 52 500
14 106 375
14 108 -125
14 109 -250
14 13 1625
--------------------------------------
15 3600
15 14 375
15 16 375
15 17 375
15 19 -125
15 20 -250
15 21 -375
15 57 375
15 98 -125
15 100 125
15 101 250
15 13 -850
--------------------------------------
16 5125
16 14 -125
16 15 375
16 17 -250
16 19 125
16 20 250
16 21 375
16 13 1250
16 36 375
16 38 125
16 39 250
16 40 375
16 111 375
16 112 375
16 55 -125
16 53 -250
16 29 -125
--------------------------------------
17 6625
17 14 -125
17 15 375
17 16 -250
17 19 125
17 20 250
17 21 375
17 13 1125
17 36 375
17 38 125
17 39 250
17 40 375
17 110 375
17 111 375
17 112 375
17 113 375
17 115 -125
17 116 -250
17 117 -375
17 118 -500
17 29 -125
--------------------------------------
18 625
18 19 -125
18 20 -125
18 21 -125
18 13 -250
--------------------------------------
19 2000
19 14 125
19 15 -125
19 16 125
19 17 125
19 18 -125
19 20 -375
19 21 -500
19 13 -500
--------------------------------------
20 3125
20 14 250
20 15 -250
20 16 250
20 17 250
20 18 -125
20 19 -375
20 21 -875
20 13 -750
--------------------------------------
21 4000
21 14 375
21 15 -375
21 16 375
21 17 375
21 18 -125
21 19 -500
21 20 -875
21 13 -1000
--------------------------------------
22 375
22 23 -125
22 12 -125
22 13 -125
--------------------------------------
23 1250
23 1 125
23 32 -125
23 24 125
23 22 -125
23 12 -375
23 13 -375
--------------------------------------
24 875
24 1 -125
24 32 375
24 23 125
24 12 250
--------------------------------------
25 150
25 89 0
25 13 150
25 126 0
--------------------------------------
26 250
26 28 -125
26 13 -125
26 56 0
--------------------------------------
27 1400
27 13 25
27 29 375
27 54 125
27 69 -125
27 71 125
27 72 250
27 64 375
--------------------------------------
28 125
28 26 -125
--------------------------------------
29 2500
29 54 -125
29 13 625
29 16 -125
29 17 -125
29 27 375
29 40 375
29 36 375
29 38 125
29 39 250
29 97 0
--------------------------------------
30 2500
30 31 375
30 32 -125
30 34 125
30 35 250
30 42 375
30 77 375
30 79 -125
30 80 -250
30 13 500
--------------------------------------
31 2350
31 2 375
31 30 375
31 32 375
31 34 -125
31 35 -250
31 90 -125
31 63 125
31 61 250
31 13 -350
--------------------------------------
32 2500
32 1 375
32 30 -125
32 31 375
32 34 125
32 35 250
32 24 375
32 23 -125
32 12 -250
32 13 500
--------------------------------------
33 375
33 34 -125
33 35 -125
33 13 -125
--------------------------------------
34 1000
34 30 125
34 31 -125
34 32 125
34 33 -125
34 35 -375
34 13 -125
--------------------------------------
35 1375
35 30 250
35 31 -250
35 32 250
35 33 -125
35 34 -375
35 13 -125
--------------------------------------
36 2725
36 16 375
36 17 375
36 13 -850
36 38 -125
36 39 -250
36 40 -375
36 29 375
--------------------------------------
37 625
37 38 -125
37 39 -125
37 40 -125
37 13 -250
--------------------------------------
38 2000
38 16 125
38 17 125
38 13 -500
38 36 -125
38 37 -125
38 39 -375
38 40 -500
38 29 125
--------------------------------------
39 3125
39 16 250
39 17 250
39 13 -750
39 36 -250
39 37 -125
39 38 -375
39 40 -875
39 29 250
--------------------------------------
40 4000
40 16 375
40 17 375
40 13 -1000
40 36 -375
40 37 -125
40 38 -500
40 39 -875
40 29 375
--------------------------------------
41 2500
41 11 375
41 42 375
41 43 -125
41 45 125
41 46 250
41 85 375
41 87 -125
41 88 -250
41 13 500
--------------------------------------
42 2350
42 30 375
42 41 375
42 43 375
42 45 -125
42 46 -250
42 77 -125
42 79 125
42 80 250
42 13 -350
--------------------------------------
43 2500
43 41 -125
43 42 375
43 45 125
43 46 250
43 58 375
43 73 375
43 75 -125
43 76 -250
43 13 500
--------------------------------------
44 375
44 45 -125
44 46 -125
44 13 -125
--------------------------------------
45 1000
45 41 125
45 42 -125
45 43 125
45 44 -125
45 46 -375
45 13 -125
--------------------------------------
46 1375
46 41 250
46 42 -250
46 43 250
46 44 -125
46 45 -375
46 13 -125
--------------------------------------
47 4375.5
47 0 375
47 4 375
47 10 375
47 14 375
47 49 -125
47 50 -250
47 51 -375
47 52 -500
47 13 -1625.5
--------------------------------------
48 875
48 49 -125
48 50 -125
48 51 -125
48 52 -125
48 13 -375
--------------------------------------
49 3250
49 0 125
49 4 125
49 10 125
49 14 125
49 47 -125
49 48 -125
49 50 -375
49 51 -500
49 52 -625
49 13 -1000
--------------------------------------
50 5375
50 0 250
50 4 250
50 10 250
50 14 250
50 47 -250
50 48 -125
50 49 -375
50 51 -875
50 52 -1125
50 13 -1625
--------------------------------------
51 7250
51 0 375
51 4 375
51 10 375
51 14 375
51 47 -375
51 48 -125
51 49 -500
51 50 -875
51 52 -1625
51 13 -2250
--------------------------------------
52 8875
52 0 500
52 4 500
52 10 500
52 14 500
52 47 -500
52 48 -125
52 49 -625
52 50 -1125
52 51 -1625
52 13 -2875
--------------------------------------
53 1875
53 16 -250
53 111 250
53 112 250
53 59 -125
53 55 -375
53 13 -625
--------------------------------------
54 375
54 13 -125
54 27 125
54 29 -125
--------------------------------------
55 1250
55 16 -125
55 111 125
55 112 125
55 59 -125
55 53 -375
55 13 -375
--------------------------------------
56 150
56 26 0
56 13 150
56 60 0
--------------------------------------
57 2000
57 15 375
57 58 375
57 13 375
57 98 375
57 100 -125
57 101 -250
57 62 -125
--------------------------------------
58 1400
58 43 375
58 57 375
58 13 25
58 73 -125
58 75 125
58 76 250
58 62 125
--------------------------------------
59 375
59 55 -125
59 53 -125
59 13 -125
--------------------------------------
60 125
60 13 -125
60 56 0
--------------------------------------
61 1875
61 2 -250
61 31 250
61 90 250
61 67 -125
61 63 -375
61 13 -625
--------------------------------------
62 375
62 57 -125
62 58 125
62 13 -125
--------------------------------------
63 1250
63 2 -125
63 31 125
63 90 125
63 67 -125
63 61 -375
63 13 -375
--------------------------------------
64 1525
64 72 -250
64 13 400
64 27 375
64 69 375
64 71 -125
64 68 0
--------------------------------------
65 2000
65 1 375
65 66 375
65 13 375
65 119 375
65 121 -125
65 122 -250
65 91 -125
--------------------------------------
66 2275
66 0 375
66 4 375
66 65 375
66 13 25
66 81 -125
66 83 125
66 84 250
66 102 -125
66 104 125
66 105 250
66 91 125
--------------------------------------
67 375
67 63 -125
67 61 -125
67 13 -125
--------------------------------------
68 125
68 13 -125
68 64 0
--------------------------------------
69 875
69 27 -125
69 72 250
69 71 125
69 64 375
--------------------------------------
70 375
70 71 -125
70 72 -125
70 13 -125
--------------------------------------
71 1250
71 27 125
71 13 -375
71 69 125
71 70 -125
71 72 -375
71 64 -125
--------------------------------------
72 1875
72 27 250
72 13 -625
72 69 250
72 70 -125
72 71 -375
72 64 -250
--------------------------------------
73 875
73 43 375
73 58 -125
73 75 125
73 76 250
--------------------------------------
74 375
74 75 -125
74 76 -125
74 13 -125
--------------------------------------
75 1250
75 43 -125
75 58 125
75 73 125
75 74 -125
75 76 -375
75 13 -375
--------------------------------------
76 1875
76 43 -250
76 58 250
76 73 250
76 74 -125
76 75 -375
76 13 -625
--------------------------------------
77 875
77 30 375
77 42 -125
77 79 125
77 80 250
--------------------------------------
78 375
78 79 -125
78 80 -125
78 13 -125
--------------------------------------
79 1250
79 30 -125
79 42 125
79 77 125
79 78 -125
79 80 -375
79 13 -375
--------------------------------------
80 1875
80 30 -250
80 42 250
80 77 250
80 78 -125
80 79 -375
80 13 -625
--------------------------------------
81 1750
81 0 375
81 1 -125
81 10 375
81 66 -125
81 83 125
81 84 250
81 93 125
81 94 250
--------------------------------------
82 375
82 83 -125
82 84 -125
82 13 -125
--------------------------------------
83 1250
83 0 -125
83 66 125
83 81 125
83 82 -125
83 84 -375
83 13 -375
--------------------------------------
84 1875
84 0 -250
84 66 250
84 81 250
84 82 -125
84 83 -375
84 13 -625
--------------------------------------
85 875
85 11 -125
85 41 375
85 87 125
85 88 250
--------------------------------------
86 375
86 87 -125
86 88 -125
86 13 -125
--------------------------------------
87 1250
87 11 125
87 41 -125
87 85 125
87 86 -125
87 88 -375
87 13 -375
--------------------------------------
88 1875
88 11 250
88 41 -250
88 85 250
88 86 -125
88 87 -375
88 13 -625
--------------------------------------
89 125
89 13 -125
89 25 0
--------------------------------------
90 875
90 2 375
90 31 -125
90 63 125
90 61 250
--------------------------------------
91 375
91 65 -125
91 66 125
91 13 -125
--------------------------------------
92 375
92 93 -125
92 94 -125
92 13 -125
--------------------------------------
93 1250
93 1 125
93 10 -125
93 81 125
93 92 -125
93 94 -375
93 13 -375
--------------------------------------
94 1875
94 1 250
94 10 -250
94 81 250
94 92 -125
94 93 -375
94 13 -625
--------------------------------------
95 375
95 10 -125
95 11 125
95 13 -125
--------------------------------------
96 1875
96 3 -250
96 11 250
96 123 250
96 124 -125
96 125 -375
96 13 -625
--------------------------------------
97 125
97 13 125
97 29 0
--------------------------------------
98 875
98 15 -125
98 57 375
98 100 125
98 101 250
--------------------------------------
99 375
99 100 -125
99 101 -125
99 13 -125
--------------------------------------
100 1250
100 15 125
100 57 -125
100 98 125
100 99 -125
100 101 -375
100 13 -375
--------------------------------------
101 1875
101 15 250
101 57 -250
101 98 250
101 99 -125
101 100 -375
101 13 -625
--------------------------------------
102 875
102 4 375
102 66 -125
102 104 125
102 105 250
--------------------------------------
103 375
103 104 -125
103 105 -125
103 13 -125
--------------------------------------
104 1250
104 4 -125
104 66 125
104 102 125
104 103 -125
104 105 -375
104 13 -375
--------------------------------------
105 1875
105 4 -250
105 66 250
105 102 250
105 103 -125
105 104 -375
105 13 -625
--------------------------------------
106 875
106 11 -125
106 14 375
106 108 125
106 109 250
--------------------------------------
107 375
107 108 -125
107 109 -125
107 13 -125
--------------------------------------
108 1250
108 11 125
108 14 -125
108 106 125
108 107 -125
108 109 -375
108 13 -375
--------------------------------------
109 1875
109 11 250
109 14 -250
109 106 250
109 107 -125
109 108 -375
109 13 -625
--------------------------------------
110 2625
110 17 375
110 111 -125
110 112 -125
110 113 -125
110 115 125
110 116 250
110 117 375
110 118 500
110 13 625
--------------------------------------
111 3500
111 16 375
111 17 375
111 110 -125
111 112 -250
111 113 -125
111 115 125
111 116 250
111 117 375
111 118 500
111 55 125
111 53 250
111 13 625
--------------------------------------
112 3500
112 16 375
112 17 375
112 110 -125
112 111 -250
112 113 -125
112 115 125
112 116 250
112 117 375
112 118 500
112 55 125
112 53 250
112 13 625
--------------------------------------
113 2625
113 17 375
113 110 -125
113 111 -125
113 112 -125
113 115 125
113 116 250
113 117 375
113 118 500
113 13 625
--------------------------------------
114 875
114 115 -125
114 116 -125
114 117 -125
114 118 -125
114 13 -375
--------------------------------------
115 3500
115 17 -125
115 110 125
115 111 125
115 112 125
115 113 125
115 114 -125
115 116 -375
115 117 -500
115 118 -625
115 13 -1250
--------------------------------------
116 5875
116 17 -250
116 110 250
116 111 250
116 112 250
116 113 250
116 114 -125
116 115 -375
116 117 -875
116 118 -1125
116 13 -2125
--------------------------------------
117 8000
117 17 -375
117 110 375
117 111 375
117 112 375
117 113 375
117 114 -125
117 115 -500
117 116 -875
117 118 -1625
117 13 -3000
--------------------------------------
118 9875
118 17 -500
118 110 500
118 111 500
118 112 500
118 113 500
118 114 -125
118 115 -625
118 116 -1125
118 117 -1625
118 13 -3875
--------------------------------------
119 875
119 1 -125
119 65 375
119 121 125
119 122 250
--------------------------------------
120 375
120 121 -125
120 122 -125
120 13 -125
--------------------------------------
121 1250
121 1 125
121 65 -125
121 119 125
121 120 -125
121 122 -375
121 13 -375
--------------------------------------
122 1875
122 1 250
122 65 -250
122 119 250
122 120 -125
122 121 -375
122 13 -625
--------------------------------------
123 875
123 3 375
123 11 -125
123 125 125
123 96 250
--------------------------------------
124 375
124 125 -125
124 96 -125
124 13 -125
--------------------------------------
125 1250
125 3 -125
125 11 125
125 123 125
125 124 -125
125 96 -375
125 13 -375
--------------------------------------
126 125
126 13 125
126 25 0
--------------------------------------
--------------------------------------
Find NGs with k = 2
Finding NGs in 0.000398s
Merging NGs in 3.4e-05s
Iteration 1 compress 24 nodes in 0.003245s
Iteration 2 start with 118 nodes
0 7125
0 1 375
0 2 -125
0 3 -125
0 4 -250
0 6 125
0 7 250
0 8 375
0 9 500
0 10 -125
0 14 -125
0 47 375
0 49 125
0 50 250
0 51 375
0 52 500
0 66 375
0 81 375
0 83 -125
0 84 -250
0 117 2000
--------------------------------------
1 6850
1 0 375
1 2 375
1 3 375
1 4 375
1 6 -125
1 7 -250
1 8 -375
1 9 -500
1 10 375
1 32 375
1 65 375
1 81 -125
1 93 125
1 94 250
1 26 -125
1 56 125
1 60 250
1 24 -125
1 23 125
1 12 250
1 117 -1475
--------------------------------------
2 4250
2 0 -125
2 1 375
2 3 -125
2 4 -125
2 6 125
2 7 250
2 8 375
2 9 500
2 31 375
2 90 375
2 63 -125
2 61 -250
2 117 1125
--------------------------------------
3 4250
3 0 -125
3 1 375
3 2 -125
3 4 -125
3 6 125
3 7 250
3 8 375
3 9 500
3 11 375
3 68 375
3 97 -125
3 96 -250
3 117 1125
--------------------------------------
4 7125
4 0 -250
4 1 375
4 2 -125
4 3 -125
4 6 125
4 7 250
4 8 375
4 9 500
4 10 -125
4 14 -125
4 47 375
4 49 125
4 50 250
4 51 375
4 52 500
4 66 375
4 102 375
4 104 -125
4 105 -250
4 117 2000
--------------------------------------
5 875
5 6 -125
5 7 -125
5 8 -125
5 9 -125
5 117 -375
--------------------------------------
6 3250
6 0 125
6 1 -125
6 2 125
6 3 125
6 4 125
6 5 -125
6 7 -375
6 8 -500
6 9 -625
6 117 -1000
--------------------------------------
7 5375
7 0 250
7 1 -250
7 2 250
7 3 250
7 4 250
7 5 -125
7 6 -375
7 8 -875
7 9 -1125
7 117 -1625
--------------------------------------
8 7250
8 0 375
8 1 -375
8 2 375
8 3 375
8 4 375
8 5 -125
8 6 -500
8 7 -875
8 9 -1625
8 117 -2250
--------------------------------------
9 8875
9 0 500
9 1 -500
9 2 500
9 3 500
9 4 500
9 5 -125
9 6 -625
9 7 -1125
9 8 -1625
9 117 -2875
--------------------------------------
10 4875
10 0 -125
10 1 375
10 4 -125
10 11 375
10 95 -125
10 14 -125
10 47 375
10 49 125
10 50 250
10 51 375
10 52 500
10 81 375
10 93 -125
10 94 -250
10 117 1250
--------------------------------------
11 3250.5
11 3 375
11 10 375
11 95 125
11 14 375
11 41 375
11 85 -125
11 87 125
11 88 250
11 106 -125
11 108 125
11 109 250
11 68 -125
11 97 125
11 96 250
11 117 -125.5
--------------------------------------
12 1875
12 1 250
12 32 -250
12 24 250
12 22 -125
12 23 -375
12 117 -625
--------------------------------------
13 8000
13 17 -375
13 110 375
13 111 375
13 112 375
13 113 375
13 114 -125
13 115 -500
13 116 -875
13 25 -1625
13 117 -3000
--------------------------------------
14 6125
14 0 -125
14 4 -125
14 10 -125
14 11 375
14 15 375
14 16 -125
14 17 -125
14 19 125
14 20 250
14 21 375
14 47 375
14 49 125
14 50 250
14 51 375
14 52 500
14 106 375
14 108 -125
14 109 -250
14 117 1625
--------------------------------------
15 3600
15 14 375
15 16 375
15 17 375
15 19 -125
15 20 -250
15 21 -375
15 57 375
15 98 -125
15 100 125
15 101 250
15 117 -850
--------------------------------------
16 5125
16 14 -125
16 15 375
16 17 -250
16 19 125
16 20 250
16 21 375
16 29 -125
16 36 375
16 38 125
16 39 250
16 40 375
16 111 375
16 112 375
16 55 -125
16 53 -250
16 117 1250
--------------------------------------
17 6625
17 14 -125
17 15 375
17 16 -250
17 19 125
17 20 250
17 21 375
17 29 -125
17 36 375
17 38 125
17 39 250
17 40 375
17 110 375
17 111 375
17 112 375
17 113 375
17 115 -125
17 116 -250
17 13 -375
17 25 -500
17 117 1125
--------------------------------------
18 625
18 19 -125
18 20 -125
18 21 -125
18 117 -250
--------------------------------------
19 2000
19 14 125
19 15 -125
19 16 125
19 17 125
19 18 -125
19 20 -375
19 21 -500
19 117 -500
--------------------------------------
20 3125
20 14 250
20 15 -250
20 16 250
20 17 250
20 18 -125
20 19 -375
20 21 -875
20 117 -750
--------------------------------------
21 4000
21 14 375
21 15 -375
21 16 375
21 17 375
21 18 -125
21 19 -500
21 20 -875
21 117 -1000
--------------------------------------
22 375
22 23 -125
22 12 -125
22 117 -125
--------------------------------------
23 1250
23 1 125
23 32 -125
23 24 125
23 22 -125
23 12 -375
23 117 -375
--------------------------------------
24 875
24 1 -125
24 32 375
24 23 125
24 12 250
--------------------------------------
25 9875
25 17 -500
25 110 500
25 111 500
25 112 500
25 113 500
25 114 -125
25 115 -625
25 116 -1125
25 13 -1625
25 117 -3875
--------------------------------------
26 875
26 1 -125
26 65 375
26 56 125
26 60 250
--------------------------------------
27 1400
27 64 375
27 29 375
27 54 125
27 69 -125
27 71 125
27 72 250
27 117 25
--------------------------------------
28 375
28 56 -125
28 60 -125
28 117 -125
--------------------------------------
29 2500
29 54 -125
29 39 250
29 16 -125
29 17 -125
29 27 375
29 40 375
29 36 375
29 38 125
29 117 625
29 117 0
--------------------------------------
30 2500
30 31 375
30 32 -125
30 34 125
30 35 250
30 42 375
30 77 375
30 79 -125
30 80 -250
30 117 500
--------------------------------------
31 2350
31 2 375
31 30 375
31 32 375
31 34 -125
31 35 -250
31 90 -125
31 63 125
31 61 250
31 117 -350
--------------------------------------
32 2500
32 1 375
32 30 -125
32 31 375
32 34 125
32 35 250
32 24 375
32 23 -125
32 12 -250
32 117 500
--------------------------------------
33 375
33 34 -125
33 35 -125
33 117 -125
--------------------------------------
34 1000
34 30 125
34 31 -125
34 32 125
34 33 -125
34 35 -375
34 117 -125
--------------------------------------
35 1375
35 30 250
35 31 -250
35 32 250
35 33 -125
35 34 -375
35 117 -125
--------------------------------------
36 2725
36 16 375
36 17 375
36 29 375
36 38 -125
36 39 -250
36 40 -375
36 117 -850
--------------------------------------
37 625
37 38 -125
37 39 -125
37 40 -125
37 117 -250
--------------------------------------
38 2000
38 16 125
38 17 125
38 29 125
38 36 -125
38 37 -125
38 39 -375
38 40 -500
38 117 -500
--------------------------------------
39 3125
39 16 250
39 17 250
39 29 250
39 36 -250
39 37 -125
39 38 -375
39 40 -875
39 117 -750
--------------------------------------
40 4000
40 16 375
40 17 375
40 29 375
40 36 -375
40 37 -125
40 38 -500
40 39 -875
40 117 -1000
--------------------------------------
41 2500
41 11 375
41 42 375
41 43 -125
41 45 125
41 46 250
41 85 375
41 87 -125
41 88 -250
41 117 500
--------------------------------------
42 2350
42 30 375
42 41 375
42 43 375
42 45 -125
42 46 -250
42 77 -125
42 79 125
42 80 250
42 117 -350
--------------------------------------
43 2500
43 41 -125
43 42 375
43 45 125
43 46 250
43 58 375
43 73 375
43 75 -125
43 76 -250
43 117 500
--------------------------------------
44 375
44 45 -125
44 46 -125
44 117 -125
--------------------------------------
45 1000
45 41 125
45 42 -125
45 43 125
45 44 -125
45 46 -375
45 117 -125
--------------------------------------
46 1375
46 41 250
46 42 -250
46 43 250
46 44 -125
46 45 -375
46 117 -125
--------------------------------------
47 4375.5
47 0 375
47 4 375
47 10 375
47 14 375
47 49 -125
47 50 -250
47 51 -375
47 52 -500
47 117 -1625.5
--------------------------------------
48 875
48 49 -125
48 50 -125
48 51 -125
48 52 -125
48 117 -375
--------------------------------------
49 3250
49 0 125
49 4 125
49 10 125
49 14 125
49 47 -125
49 48 -125
49 50 -375
49 51 -500
49 52 -625
49 117 -1000
--------------------------------------
50 5375
50 0 250
50 4 250
50 10 250
50 14 250
50 47 -250
50 48 -125
50 49 -375
50 51 -875
50 52 -1125
50 117 -1625
--------------------------------------
51 7250
51 0 375
51 4 375
51 10 375
51 14 375
51 47 -375
51 48 -125
51 49 -500
51 50 -875
51 52 -1625
51 117 -2250
--------------------------------------
52 8875
52 0 500
52 4 500
52 10 500
52 14 500
52 47 -500
52 48 -125
52 49 -625
52 50 -1125
52 51 -1625
52 117 -2875
--------------------------------------
53 1875
53 16 -250
53 111 250
53 112 250
53 59 -125
53 55 -375
53 117 -625
--------------------------------------
54 375
54 29 -125
54 27 125
54 117 -125
--------------------------------------
55 1250
55 16 -125
55 111 125
55 112 125
55 59 -125
55 53 -375
55 117 -375
--------------------------------------
56 1250
56 1 125
56 65 -125
56 26 125
56 28 -125
56 60 -375
56 117 -375
--------------------------------------
57 2000
57 15 375
57 58 375
57 62 -125
57 98 375
57 100 -125
57 101 -250
57 117 375
--------------------------------------
58 1400
58 43 375
58 57 375
58 62 125
58 73 -125
58 75 125
58 76 250
58 117 25
--------------------------------------
59 375
59 55 -125
59 53 -125
59 117 -125
--------------------------------------
60 1875
60 1 250
60 65 -250
60 26 250
60 28 -125
60 56 -375
60 117 -625
--------------------------------------
61 1875
61 2 -250
61 31 250
61 90 250
61 67 -125
61 63 -375
61 117 -625
--------------------------------------
62 375
62 57 -125
62 58 125
62 117 -125
--------------------------------------
63 1250
63 2 -125
63 31 125
63 90 125
63 67 -125
63 61 -375
63 117 -375
--------------------------------------
64 1525
64 72 -250
64 71 -125
64 27 375
64 69 375
64 117 400
64 117 0
--------------------------------------
65 2000
65 1 375
65 66 375
65 91 -125
65 26 375
65 56 -125
65 60 -250
65 117 375
--------------------------------------
66 2275
66 0 375
66 4 375
66 65 375
66 91 125
66 81 -125
66 83 125
66 84 250
66 102 -125
66 104 125
66 105 250
66 117 25
--------------------------------------
67 375
67 63 -125
67 61 -125
67 117 -125
--------------------------------------
68 875
68 3 375
68 11 -125
68 97 125
68 96 250
--------------------------------------
69 875
69 27 -125
69 72 250
69 71 125
69 64 375
--------------------------------------
70 375
70 71 -125
70 72 -125
70 117 -125
--------------------------------------
71 1250
71 27 125
71 64 -125
71 69 125
71 70 -125
71 72 -375
71 117 -375
--------------------------------------
72 1875
72 27 250
72 64 -250
72 69 250
72 70 -125
72 71 -375
72 117 -625
--------------------------------------
73 875
73 43 375
73 58 -125
73 75 125
73 76 250
--------------------------------------
74 375
74 75 -125
74 76 -125
74 117 -125
--------------------------------------
75 1250
75 43 -125
75 58 125
75 73 125
75 74 -125
75 76 -375
75 117 -375
--------------------------------------
76 1875
76 43 -250
76 58 250
76 73 250
76 74 -125
76 75 -375
76 117 -625
--------------------------------------
77 875
77 30 375
77 42 -125
77 79 125
77 80 250
--------------------------------------
78 375
78 79 -125
78 80 -125
78 117 -125
--------------------------------------
79 1250
79 30 -125
79 42 125
79 77 125
79 78 -125
79 80 -375
79 117 -375
--------------------------------------
80 1875
80 30 -250
80 42 250
80 77 250
80 78 -125
80 79 -375
80 117 -625
--------------------------------------
81 1750
81 0 375
81 1 -125
81 10 375
81 66 -125
81 83 125
81 84 250
81 93 125
81 94 250
--------------------------------------
82 375
82 83 -125
82 84 -125
82 117 -125
--------------------------------------
83 1250
83 0 -125
83 66 125
83 81 125
83 82 -125
83 84 -375
83 117 -375
--------------------------------------
84 1875
84 0 -250
84 66 250
84 81 250
84 82 -125
84 83 -375
84 117 -625
--------------------------------------
85 875
85 11 -125
85 41 375
85 87 125
85 88 250
--------------------------------------
86 375
86 87 -125
86 88 -125
86 117 -125
--------------------------------------
87 1250
87 11 125
87 41 -125
87 85 125
87 86 -125
87 88 -375
87 117 -375
--------------------------------------
88 1875
88 11 250
88 41 -250
88 85 250
88 86 -125
88 87 -375
88 117 -625
--------------------------------------
89 375
89 97 -125
89 96 -125
89 117 -125
--------------------------------------
90 875
90 2 375
90 31 -125
90 63 125
90 61 250
--------------------------------------
91 375
91 65 -125
91 66 125
91 117 -125
--------------------------------------
92 375
92 93 -125
92 94 -125
92 117 -125
--------------------------------------
93 1250
93 1 125
93 10 -125
93 81 125
93 92 -125
93 94 -375
93 117 -375
--------------------------------------
94 1875
94 1 250
94 10 -250
94 81 250
94 92 -125
94 93 -375
94 117 -625
--------------------------------------
95 375
95 10 -125
95 11 125
95 117 -125
--------------------------------------
96 1875
96 3 -250
96 11 250
96 68 250
96 89 -125
96 97 -375
96 117 -625
--------------------------------------
97 1250
97 3 -125
97 11 125
97 68 125
97 89 -125
97 96 -375
97 117 -375
--------------------------------------
98 875
98 15 -125
98 57 375
98 100 125
98 101 250
--------------------------------------
99 375
99 100 -125
99 101 -125
99 117 -125
--------------------------------------
100 1250
100 15 125
100 57 -125
100 98 125
100 99 -125
100 101 -375
100 117 -375
--------------------------------------
101 1875
101 15 250
101 57 -250
101 98 250
101 99 -125
101 100 -375
101 117 -625
--------------------------------------
102 875
102 4 375
102 66 -125
102 104 125
102 105 250
--------------------------------------
103 375
103 104 -125
103 105 -125
103 117 -125
--------------------------------------
104 1250
104 4 -125
104 66 125
104 102 125
104 103 -125
104 105 -375
104 117 -375
--------------------------------------
105 1875
105 4 -250
105 66 250
105 102 250
105 103 -125
105 104 -375
105 117 -625
--------------------------------------
106 875
106 11 -125
106 14 375
106 108 125
106 109 250
--------------------------------------
107 375
107 108 -125
107 109 -125
107 117 -125
--------------------------------------
108 1250
108 11 125
108 14 -125
108 106 125
108 107 -125
108 109 -375
108 117 -375
--------------------------------------
109 1875
109 11 250
109 14 -250
109 106 250
109 107 -125
109 108 -375
109 117 -625
--------------------------------------
110 2625
110 17 375
110 111 -125
110 112 -125
110 113 -125
110 115 125
110 116 250
110 13 375
110 25 500
110 117 625
--------------------------------------
111 3500
111 16 375
111 17 375
111 110 -125
111 112 -250
111 113 -125
111 115 125
111 116 250
111 13 375
111 25 500
111 55 125
111 53 250
111 117 625
--------------------------------------
112 3500
112 16 375
112 17 375
112 110 -125
112 111 -250
112 113 -125
112 115 125
112 116 250
112 13 375
112 25 500
112 55 125
112 53 250
112 117 625
--------------------------------------
113 2625
113 17 375
113 110 -125
113 111 -125
113 112 -125
113 115 125
113 116 250
113 13 375
113 25 500
113 117 625
--------------------------------------
114 875
114 115 -125
114 116 -125
114 13 -125
114 25 -125
114 117 -375
--------------------------------------
115 3500
115 17 -125
115 110 125
115 111 125
115 112 125
115 113 125
115 114 -125
115 116 -375
115 13 -500
115 25 -625
115 117 -1250
--------------------------------------
116 5875
116 17 -250
116 110 250
116 111 250
116 112 250
116 113 250
116 114 -125
116 115 -375
116 13 -875
116 25 -1125
116 117 -2125
--------------------------------------
117 72351
117 29 625
117 64 400
117 0 2000
117 1 -1475
117 2 1125
117 3 1125
117 4 2000
117 5 -375
117 6 -1000
117 7 -1625
117 8 -2250
117 9 -2875
117 10 1250
117 11 -125.5
117 12 -625
117 14 1625
117 15 -850
117 16 1250
117 17 1125
117 18 -250
117 19 -500
117 20 -750
117 21 -1000
117 22 -125
117 23 -375
117 89 -125
117 97 -375
117 27 25
117 29 0
117 30 500
117 31 -350
117 32 500
117 33 -125
117 34 -125
117 35 -125
117 36 -850
117 37 -250
117 38 -500
117 39 -750
117 40 -1000
117 41 500
117 42 -350
117 43 500
117 44 -125
117 45 -125
117 46 -125
117 47 -1625.5
117 48 -375
117 49 -1000
117 50 -1625
117 51 -2250
117 52 -2875
117 53 -625
117 54 -125
117 96 -625
117 57 375
117 58 25
117 67 -125
117 55 -375
117 62 -125
117 64 0
117 65 375
117 66 25
117 63 -375
117 70 -125
117 71 -375
117 72 -625
117 74 -125
117 75 -375
117 76 -625
117 78 -125
117 79 -375
117 80 -625
117 82 -125
117 83 -375
117 84 -625
117 86 -125
117 87 -375
117 88 -625
117 61 -625
117 91 -125
117 92 -125
117 93 -375
117 94 -625
117 95 -125
117 59 -125
117 99 -125
117 100 -375
117 101 -625
117 103 -125
117 104 -375
117 105 -625
117 107 -125
117 108 -375
117 109 -625
117 110 625
117 111 625
117 112 625
117 113 625
117 114 -375
117 115 -1250
117 116 -2125
117 13 -3000
117 25 -3875
117 28 -125
117 56 -375
117 60 -625
--------------------------------------
--------------------------------------
Find NGs with k = 2
Finding NGs in 6e-06s
0 7125
0 1 375
0 2 -125
0 3 -125
0 4 -250
0 6 125
0 7 250
0 8 375
0 9 500
0 10 -125
0 14 -125
0 47 375
0 49 125
0 50 250
0 51 375
0 52 500
0 66 375
0 81 375
0 83 -125
0 84 -250
0 117 2000
--------------------------------------
1 6850
1 0 375
1 2 375
1 3 375
1 4 375
1 6 -125
1 7 -250
1 8 -375
1 9 -500
1 10 375
1 32 375
1 65 375
1 81 -125
1 93 125
1 94 250
1 26 -125
1 56 125
1 60 250
1 24 -125
1 23 125
1 12 250
1 117 -1475
--------------------------------------
2 4250
2 0 -125
2 1 375
2 3 -125
2 4 -125
2 6 125
2 7 250
2 8 375
2 9 500
2 31 375
2 90 375
2 63 -125
2 61 -250
2 117 1125
--------------------------------------
3 4250
3 0 -125
3 1 375
3 2 -125
3 4 -125
3 6 125
3 7 250
3 8 375
3 9 500
3 11 375
3 68 375
3 97 -125
3 96 -250
3 117 1125
--------------------------------------
4 7125
4 0 -250
4 1 375
4 2 -125
4 3 -125
4 6 125
4 7 250
4 8 375
4 9 500
4 10 -125
4 14 -125
4 47 375
4 49 125
4 50 250
4 51 375
4 52 500
4 66 375
4 102 375
4 104 -125
4 105 -250
4 117 2000
--------------------------------------
5 875
5 6 -125
5 7 -125
5 8 -125
5 9 -125
5 117 -375
--------------------------------------
6 3250
6 0 125
6 1 -125
6 2 125
6 3 125
6 4 125
6 5 -125
6 7 -375
6 8 -500
6 9 -625
6 117 -1000
--------------------------------------
7 5375
7 0 250
7 1 -250
7 2 250
7 3 250
7 4 250
7 5 -125
7 6 -375
7 8 -875
7 9 -1125
7 117 -1625
--------------------------------------
8 7250
8 0 375
8 1 -375
8 2 375
8 3 375
8 4 375
8 5 -125
8 6 -500
8 7 -875
8 9 -1625
8 117 -2250
--------------------------------------
9 8875
9 0 500
9 1 -500
9 2 500
9 3 500
9 4 500
9 5 -125
9 6 -625
9 7 -1125
9 8 -1625
9 117 -2875
--------------------------------------
10 4875
10 0 -125
10 1 375
10 4 -125
10 11 375
10 95 -125
10 14 -125
10 47 375
10 49 125
10 50 250
10 51 375
10 52 500
10 81 375
10 93 -125
10 94 -250
10 117 1250
--------------------------------------
11 3250.5
11 3 375
11 10 375
11 95 125
11 14 375
11 41 375
11 85 -125
11 87 125
11 88 250
11 106 -125
11 108 125
11 109 250
11 68 -125
11 97 125
11 96 250
11 117 -125.5
--------------------------------------
12 1875
12 1 250
12 32 -250
12 24 250
12 22 -125
12 23 -375
12 117 -625
--------------------------------------
13 8000
13 17 -375
13 110 375
13 111 375
13 112 375
13 113 375
13 114 -125
13 115 -500
13 116 -875
13 25 -1625
13 117 -3000
--------------------------------------
14 6125
14 0 -125
14 4 -125
14 10 -125
14 11 375
14 15 375
14 16 -125
14 17 -125
14 19 125
14 20 250
14 21 375
14 47 375
14 49 125
14 50 250
14 51 375
14 52 500
14 106 375
14 108 -125
14 109 -250
14 117 1625
--------------------------------------
15 3600
15 14 375
15 16 375
15 17 375
15 19 -125
15 20 -250
15 21 -375
15 57 375
15 98 -125
15 100 125
15 101 250
15 117 -850
--------------------------------------
16 5125
16 14 -125
16 15 375
16 17 -250
16 19 125
16 20 250
16 21 375
16 29 -125
16 36 375
16 38 125
16 39 250
16 40 375
16 111 375
16 112 375
16 55 -125
16 53 -250
16 117 1250
--------------------------------------
17 6625
17 14 -125
17 15 375
17 16 -250
17 19 125
17 20 250
17 21 375
17 29 -125
17 36 375
17 38 125
17 39 250
17 40 375
17 110 375
17 111 375
17 112 375
17 113 375
17 115 -125
17 116 -250
17 13 -375
17 25 -500
17 117 1125
--------------------------------------
18 625
18 19 -125
18 20 -125
18 21 -125
18 117 -250
--------------------------------------
19 2000
19 14 125
19 15 -125
19 16 125
19 17 125
19 18 -125
19 20 -375
19 21 -500
19 117 -500
--------------------------------------
20 3125
20 14 250
20 15 -250
20 16 250
20 17 250
20 18 -125
20 19 -375
20 21 -875
20 117 -750
--------------------------------------
21 4000
21 14 375
21 15 -375
21 16 375
21 17 375
21 18 -125
21 19 -500
21 20 -875
21 117 -1000
--------------------------------------
22 375
22 23 -125
22 12 -125
22 117 -125
--------------------------------------
23 1250
23 1 125
23 32 -125
23 24 125
23 22 -125
23 12 -375
23 117 -375
--------------------------------------
24 875
24 1 -125
24 32 375
24 23 125
24 12 250
--------------------------------------
25 9875
25 17 -500
25 110 500
25 111 500
25 112 500
25 113 500
25 114 -125
25 115 -625
25 116 -1125
25 13 -1625
25 117 -3875
--------------------------------------
26 875
26 1 -125
26 65 375
26 56 125
26 60 250
--------------------------------------
27 1400
27 64 375
27 29 375
27 54 125
27 69 -125
27 71 125
27 72 250
27 117 25
--------------------------------------
28 375
28 56 -125
28 60 -125
28 117 -125
--------------------------------------
29 2500
29 54 -125
29 39 250
29 16 -125
29 17 -125
29 27 375
29 40 375
29 36 375
29 38 125
29 117 625
29 117 0
--------------------------------------
30 2500
30 31 375
30 32 -125
30 34 125
30 35 250
30 42 375
30 77 375
30 79 -125
30 80 -250
30 117 500
--------------------------------------
31 2350
31 2 375
31 30 375
31 32 375
31 34 -125
31 35 -250
31 90 -125
31 63 125
31 61 250
31 117 -350
--------------------------------------
32 2500
32 1 375
32 30 -125
32 31 375
32 34 125
32 35 250
32 24 375
32 23 -125
32 12 -250
32 117 500
--------------------------------------
33 375
33 34 -125
33 35 -125
33 117 -125
--------------------------------------
34 1000
34 30 125
34 31 -125
34 32 125
34 33 -125
34 35 -375
34 117 -125
--------------------------------------
35 1375
35 30 250
35 31 -250
35 32 250
35 33 -125
35 34 -375
35 117 -125
--------------------------------------
36 2725
36 16 375
36 17 375
36 29 375
36 38 -125
36 39 -250
36 40 -375
36 117 -850
--------------------------------------
37 625
37 38 -125
37 39 -125
37 40 -125
37 117 -250
--------------------------------------
38 2000
38 16 125
38 17 125
38 29 125
38 36 -125
38 37 -125
38 39 -375
38 40 -500
38 117 -500
--------------------------------------
39 3125
39 16 250
39 17 250
39 29 250
39 36 -250
39 37 -125
39 38 -375
39 40 -875
39 117 -750
--------------------------------------
40 4000
40 16 375
40 17 375
40 29 375
40 36 -375
40 37 -125
40 38 -500
40 39 -875
40 117 -1000
--------------------------------------
41 2500
41 11 375
41 42 375
41 43 -125
41 45 125
41 46 250
41 85 375
41 87 -125
41 88 -250
41 117 500
--------------------------------------
42 2350
42 30 375
42 41 375
42 43 375
42 45 -125
42 46 -250
42 77 -125
42 79 125
42 80 250
42 117 -350
--------------------------------------
43 2500
43 41 -125
43 42 375
43 45 125
43 46 250
43 58 375
43 73 375
43 75 -125
43 76 -250
43 117 500
--------------------------------------
44 375
44 45 -125
44 46 -125
44 117 -125
--------------------------------------
45 1000
45 41 125
45 42 -125
45 43 125
45 44 -125
45 46 -375
45 117 -125
--------------------------------------
46 1375
46 41 250
46 42 -250
46 43 250
46 44 -125
46 45 -375
46 117 -125
--------------------------------------
47 4375.5
47 0 375
47 4 375
47 10 375
47 14 375
47 49 -125
47 50 -250
47 51 -375
47 52 -500
47 117 -1625.5
--------------------------------------
48 875
48 49 -125
48 50 -125
48 51 -125
48 52 -125
48 117 -375
--------------------------------------
49 3250
49 0 125
49 4 125
49 10 125
49 14 125
49 47 -125
49 48 -125
49 50 -375
49 51 -500
49 52 -625
49 117 -1000
--------------------------------------
50 5375
50 0 250
50 4 250
50 10 250
50 14 250
50 47 -250
50 48 -125
50 49 -375
50 51 -875
50 52 -1125
50 117 -1625
--------------------------------------
51 7250
51 0 375
51 4 375
51 10 375
51 14 375
51 47 -375
51 48 -125
51 49 -500
51 50 -875
51 52 -1625
51 117 -2250
--------------------------------------
52 8875
52 0 500
52 4 500
52 10 500
52 14 500
52 47 -500
52 48 -125
52 49 -625
52 50 -1125
52 51 -1625
52 117 -2875
--------------------------------------
53 1875
53 16 -250
53 111 250
53 112 250
53 59 -125
53 55 -375
53 117 -625
--------------------------------------
54 375
54 29 -125
54 27 125
54 117 -125
--------------------------------------
55 1250
55 16 -125
55 111 125
55 112 125
55 59 -125
55 53 -375
55 117 -375
--------------------------------------
56 1250
56 1 125
56 65 -125
56 26 125
56 28 -125
56 60 -375
56 117 -375
--------------------------------------
57 2000
57 15 375
57 58 375
57 62 -125
57 98 375
57 100 -125
57 101 -250
57 117 375
--------------------------------------
58 1400
58 43 375
58 57 375
58 62 125
58 73 -125
58 75 125
58 76 250
58 117 25
--------------------------------------
59 375
59 55 -125
59 53 -125
59 117 -125
--------------------------------------
60 1875
60 1 250
60 65 -250
60 26 250
60 28 -125
60 56 -375
60 117 -625
--------------------------------------
61 1875
61 2 -250
61 31 250
61 90 250
61 67 -125
61 63 -375
61 117 -625
--------------------------------------
62 375
62 57 -125
62 58 125
62 117 -125
--------------------------------------
63 1250
63 2 -125
63 31 125
63 90 125
63 67 -125
63 61 -375
63 117 -375
--------------------------------------
64 1525
64 72 -250
64 71 -125
64 27 375
64 69 375
64 117 400
64 117 0
--------------------------------------
65 2000
65 1 375
65 66 375
65 91 -125
65 26 375
65 56 -125
65 60 -250
65 117 375
--------------------------------------
66 2275
66 0 375
66 4 375
66 65 375
66 91 125
66 81 -125
66 83 125
66 84 250
66 102 -125
66 104 125
66 105 250
66 117 25
--------------------------------------
67 375
67 63 -125
67 61 -125
67 117 -125
--------------------------------------
68 875
68 3 375
68 11 -125
68 97 125
68 96 250
--------------------------------------
69 875
69 27 -125
69 72 250
69 71 125
69 64 375
--------------------------------------
70 375
70 71 -125
70 72 -125
70 117 -125
--------------------------------------
71 1250
71 27 125
71 64 -125
71 69 125
71 70 -125
71 72 -375
71 117 -375
--------------------------------------
72 1875
72 27 250
72 64 -250
72 69 250
72 70 -125
72 71 -375
72 117 -625
--------------------------------------
73 875
73 43 375
73 58 -125
73 75 125
73 76 250
--------------------------------------
74 375
74 75 -125
74 76 -125
74 117 -125
--------------------------------------
75 1250
75 43 -125
75 58 125
75 73 125
75 74 -125
75 76 -375
75 117 -375
--------------------------------------
76 1875
76 43 -250
76 58 250
76 73 250
76 74 -125
76 75 -375
76 117 -625
--------------------------------------
77 875
77 30 375
77 42 -125
77 79 125
77 80 250
--------------------------------------
78 375
78 79 -125
78 80 -125
78 117 -125
--------------------------------------
79 1250
79 30 -125
79 42 125
79 77 125
79 78 -125
79 80 -375
79 117 -375
--------------------------------------
80 1875
80 30 -250
80 42 250
80 77 250
80 78 -125
80 79 -375
80 117 -625
--------------------------------------
81 1750
81 0 375
81 1 -125
81 10 375
81 66 -125
81 83 125
81 84 250
81 93 125
81 94 250
--------------------------------------
82 375
82 83 -125
82 84 -125
82 117 -125
--------------------------------------
83 1250
83 0 -125
83 66 125
83 81 125
83 82 -125
83 84 -375
83 117 -375
--------------------------------------
84 1875
84 0 -250
84 66 250
84 81 250
84 82 -125
84 83 -375
84 117 -625
--------------------------------------
85 875
85 11 -125
85 41 375
85 87 125
85 88 250
--------------------------------------
86 375
86 87 -125
86 88 -125
86 117 -125
--------------------------------------
87 1250
87 11 125
87 41 -125
87 85 125
87 86 -125
87 88 -375
87 117 -375
--------------------------------------
88 1875
88 11 250
88 41 -250
88 85 250
88 86 -125
88 87 -375
88 117 -625
--------------------------------------
89 375
89 97 -125
89 96 -125
89 117 -125
--------------------------------------
90 875
90 2 375
90 31 -125
90 63 125
90 61 250
--------------------------------------
91 375
91 65 -125
91 66 125
91 117 -125
--------------------------------------
92 375
92 93 -125
92 94 -125
92 117 -125
--------------------------------------
93 1250
93 1 125
93 10 -125
93 81 125
93 92 -125
93 94 -375
93 117 -375
--------------------------------------
94 1875
94 1 250
94 10 -250
94 81 250
94 92 -125
94 93 -375
94 117 -625
--------------------------------------
95 375
95 10 -125
95 11 125
95 117 -125
--------------------------------------
96 1875
96 3 -250
96 11 250
96 68 250
96 89 -125
96 97 -375
96 117 -625
--------------------------------------
97 1250
97 3 -125
97 11 125
97 68 125
97 89 -125
97 96 -375
97 117 -375
--------------------------------------
98 875
98 15 -125
98 57 375
98 100 125
98 101 250
--------------------------------------
99 375
99 100 -125
99 101 -125
99 117 -125
--------------------------------------
100 1250
100 15 125
100 57 -125
100 98 125
100 99 -125
100 101 -375
100 117 -375
--------------------------------------
101 1875
101 15 250
101 57 -250
101 98 250
101 99 -125
101 100 -375
101 117 -625
--------------------------------------
102 875
102 4 375
102 66 -125
102 104 125
102 105 250
--------------------------------------
103 375
103 104 -125
103 105 -125
103 117 -125
--------------------------------------
104 1250
104 4 -125
104 66 125
104 102 125
104 103 -125
104 105 -375
104 117 -375
--------------------------------------
105 1875
105 4 -250
105 66 250
105 102 250
105 103 -125
105 104 -375
105 117 -625
--------------------------------------
106 875
106 11 -125
106 14 375
106 108 125
106 109 250
--------------------------------------
107 375
107 108 -125
107 109 -125
107 117 -125
--------------------------------------
108 1250
108 11 125
108 14 -125
108 106 125
108 107 -125
108 109 -375
108 117 -375
--------------------------------------
109 1875
109 11 250
109 14 -250
109 106 250
109 107 -125
109 108 -375
109 117 -625
--------------------------------------
110 2625
110 17 375
110 111 -125
110 112 -125
110 113 -125
110 115 125
110 116 250
110 13 375
110 25 500
110 117 625
--------------------------------------
111 3500
111 16 375
111 17 375
111 110 -125
111 112 -250
111 113 -125
111 115 125
111 116 250
111 13 375
111 25 500
111 55 125
111 53 250
111 117 625
--------------------------------------
112 3500
112 16 375
112 17 375
112 110 -125
112 111 -250
112 113 -125
112 115 125
112 116 250
112 13 375
112 25 500
112 55 125
112 53 250
112 117 625
--------------------------------------
113 2625
113 17 375
113 110 -125
113 111 -125
113 112 -125
113 115 125
113 116 250
113 13 375
113 25 500
113 117 625
--------------------------------------
114 875
114 115 -125
114 116 -125
114 13 -125
114 25 -125
114 117 -375
--------------------------------------
115 3500
115 17 -125
115 110 125
115 111 125
115 112 125
115 113 125
115 114 -125
115 116 -375
115 13 -500
115 25 -625
115 117 -1250
--------------------------------------
116 5875
116 17 -250
116 110 250
116 111 250
116 112 250
116 113 250
116 114 -125
116 115 -375
116 13 -875
116 25 -1125
116 117 -2125
--------------------------------------
117 72351
117 29 625
117 64 400
117 0 2000
117 1 -1475
117 2 1125
117 3 1125
117 4 2000
117 5 -375
117 6 -1000
117 7 -1625
117 8 -2250
117 9 -2875
117 10 1250
117 11 -125.5
117 12 -625
117 14 1625
117 15 -850
117 16 1250
117 17 1125
117 18 -250
117 19 -500
117 20 -750
117 21 -1000
117 22 -125
117 23 -375
117 89 -125
117 97 -375
117 27 25
117 29 0
117 30 500
117 31 -350
117 32 500
117 33 -125
117 34 -125
117 35 -125
117 36 -850
117 37 -250
117 38 -500
117 39 -750
117 40 -1000
117 41 500
117 42 -350
117 43 500
117 44 -125
117 45 -125
117 46 -125
117 47 -1625.5
117 48 -375
117 49 -1000
117 50 -1625
117 51 -2250
117 52 -2875
117 53 -625
117 54 -125
117 96 -625
117 57 375
117 58 25
117 67 -125
117 55 -375
117 62 -125
117 64 0
117 65 375
117 66 25
117 63 -375
117 70 -125
117 71 -375
117 72 -625
117 74 -125
117 75 -375
117 76 -625
117 78 -125
117 79 -375
117 80 -625
117 82 -125
117 83 -375
117 84 -625
117 86 -125
117 87 -375
117 88 -625
117 61 -625
117 91 -125
117 92 -125
117 93 -375
117 94 -625
117 95 -125
117 59 -125
117 99 -125
117 100 -375
117 101 -625
117 103 -125
117 104 -375
117 105 -625
117 107 -125
117 108 -375
117 109 -625
117 110 625
117 111 625
117 112 625
117 113 625
117 114 -375
117 115 -1250
117 116 -2125
117 13 -3000
117 25 -3875
117 28 -125
117 56 -375
117 60 -625
--------------------------------------
--------------------------------------
Find NGs with k = 2
Finding NGs in 0.000317s
Iteration 2 compress 0 nodes in 0.002998s
