118 474
0 1 375
0 2 -125
0 3 -125
0 4 -250
0 6 125
0 7 250
0 8 375
0 9 500
0 10 -125
0 14 -125
0 47 375
0 49 125
0 50 250
0 51 375
0 52 500
0 66 375
0 81 375
0 83 -125
0 84 -250
0 117 2000
1 2 375
1 3 375
1 4 375
1 6 -125
1 7 -250
1 8 -375
1 9 -500
1 10 375
1 32 375
1 65 375
1 81 -125
1 93 125
1 94 250
1 26 -125
1 56 125
1 60 250
1 24 -125
1 23 125
1 12 250
1 117 -1475
2 3 -125
2 4 -125
2 6 125
2 7 250
2 8 375
2 9 500
2 31 375
2 90 375
2 63 -125
2 61 -250
2 117 1125
3 4 -125
3 6 125
3 7 250
3 8 375
3 9 500
3 11 375
3 68 375
3 97 -125
3 96 -250
3 117 1125
4 6 125
4 7 250
4 8 375
4 9 500
4 10 -125
4 14 -125
4 47 375
4 49 125
4 50 250
4 51 375
4 52 500
4 66 375
4 102 375
4 104 -125
4 105 -250
4 117 2000
5 6 -125
5 7 -125
5 8 -125
5 9 -125
5 117 -375
6 7 -375
6 8 -500
6 9 -625
6 117 -1000
7 8 -875
7 9 -1125
7 117 -1625
8 9 -1625
8 117 -2250
9 117 -2875
10 11 375
10 95 -125
10 14 -125
10 47 375
10 49 125
10 50 250
10 51 375
10 52 500
10 81 375
10 93 -125
10 94 -250
10 117 1250
11 95 125
11 14 375
11 41 375
11 85 -125
11 87 125
11 88 250
11 106 -125
11 108 125
11 109 250
11 68 -125
11 97 125
11 96 250
11 117 -125.5
12 32 -250
12 24 250
12 22 -125
12 23 -375
12 117 -625
13 17 -375
13 110 375
13 111 375
13 112 375
13 113 375
13 114 -125
13 115 -500
13 116 -875
13 25 -1625
13 117 -3000
14 15 375
14 16 -125
14 17 -125
14 19 125
14 20 250
14 21 375
14 47 375
14 49 125
14 50 250
14 51 375
14 52 500
14 106 375
14 108 -125
14 109 -250
14 117 1625
15 16 375
15 17 375
15 19 -125
15 20 -250
15 21 -375
15 57 375
15 98 -125
15 100 125
15 101 250
15 117 -850
16 17 -250
16 19 125
16 20 250
16 21 375
16 29 -125
16 36 375
16 38 125
16 39 250
16 40 375
16 111 375
16 112 375
16 55 -125
16 53 -250
16 117 1250
17 19 125
17 20 250
17 21 375
17 29 -125
17 36 375
17 38 125
17 39 250
17 40 375
17 110 375
17 111 375
17 112 375
17 113 375
17 115 -125
17 116 -250
17 25 -500
17 117 1125
18 19 -125
18 20 -125
18 21 -125
18 117 -250
19 20 -375
19 21 -500
19 117 -500
20 21 -875
20 117 -750
21 117 -1000
22 23 -125
22 117 -125
23 32 -125
23 24 125
23 117 -375
24 32 375
25 110 500
25 111 500
25 112 500
25 113 500
25 114 -125
25 115 -625
25 116 -1125
25 117 -3875
26 65 375
26 56 125
26 60 250
27 64 375
27 29 375
27 54 125
27 69 -125
27 71 125
27 72 250
27 117 25
28 56 -125
28 60 -125
28 117 -125
29 54 -125
29 39 250
29 40 375
29 36 375
29 38 125
29 117 625
30 31 375
30 32 -125
30 34 125
30 35 250
30 42 375
30 77 375
30 79 -125
30 80 -250
30 117 500
31 32 375
31 34 -125
31 35 -250
31 90 -125
31 63 125
31 61 250
31 117 -350
32 34 125
32 35 250
32 117 500
33 34 -125
33 35 -125
33 117 -125
34 35 -375
34 117 -125
35 117 -125
36 38 -125
36 39 -250
36 40 -375
36 117 -850
37 38 -125
37 39 -125
37 40 -125
37 117 -250
38 39 -375
38 40 -500
38 117 -500
39 40 -875
39 117 -750
40 117 -1000
41 42 375
41 43 -125
41 45 125
41 46 250
41 85 375
41 87 -125
41 88 -250
41 117 500
42 43 375
42 45 -125
42 46 -250
42 77 -125
42 79 125
42 80 250
42 117 -350
43 45 125
43 46 250
43 58 375
43 73 375
43 75 -125
43 76 -250
43 117 500
44 45 -125
44 46 -125
44 117 -125
45 46 -375
45 117 -125
46 117 -125
47 49 -125
47 50 -250
47 51 -375
47 52 -500
47 117 -1625.5
48 49 -125
48 50 -125
48 51 -125
48 52 -125
48 117 -375
49 50 -375
49 51 -500
49 52 -625
49 117 -1000
50 51 -875
50 52 -1125
50 117 -1625
51 52 -1625
51 117 -2250
52 117 -2875
53 111 250
53 112 250
53 59 -125
53 55 -375
53 117 -625
54 117 -125
55 111 125
55 112 125
55 59 -125
55 117 -375
56 65 -125
56 60 -375
56 117 -375
57 58 375
57 62 -125
57 98 375
57 100 -125
57 101 -250
57 117 375
58 62 125
58 73 -125
58 75 125
58 76 250
58 117 25
59 117 -125
60 65 -250
60 117 -625
61 90 250
61 67 -125
61 63 -375
61 117 -625
62 117 -125
63 90 125
63 67 -125
63 117 -375
64 72 -250
64 71 -125
64 69 375
64 117 400
65 66 375
65 91 -125
65 117 375
66 91 125
66 81 -125
66 83 125
66 84 250
66 102 -125
66 104 125
66 105 250
66 117 25
67 117 -125
68 97 125
68 96 250
69 72 250
69 71 125
70 71 -125
70 72 -125
70 117 -125
71 72 -375
71 117 -375
72 117 -625
73 75 125
73 76 250
74 75 -125
74 76 -125
74 117 -125
75 76 -375
75 117 -375
76 117 -625
77 79 125
77 80 250
78 79 -125
78 80 -125
78 117 -125
79 80 -375
79 117 -375
80 117 -625
81 83 125
81 84 250
81 93 125
81 94 250
82 83 -125
82 84 -125
82 117 -125
83 84 -375
83 117 -375
84 117 -625
85 87 125
85 88 250
86 87 -125
86 88 -125
86 117 -125
87 88 -375
87 117 -375
88 117 -625
89 97 -125
89 96 -125
89 117 -125
91 117 -125
92 93 -125
92 94 -125
92 117 -125
93 94 -375
93 117 -375
94 117 -625
95 117 -125
96 97 -375
96 117 -625
97 117 -375
98 100 125
98 101 250
99 100 -125
99 101 -125
99 117 -125
100 101 -375
100 117 -375
101 117 -625
102 104 125
102 105 250
103 104 -125
103 105 -125
103 117 -125
104 105 -375
104 117 -375
105 117 -625
106 108 125
106 109 250
107 108 -125
107 109 -125
107 117 -125
108 109 -375
108 117 -375
109 117 -625
110 111 -125
110 112 -125
110 113 -125
110 115 125
110 116 250
110 117 625
111 112 -250
111 113 -125
111 115 125
111 116 250
111 117 625
112 113 -125
112 115 125
112 116 250
112 117 625
113 115 125
113 116 250
113 117 625
114 115 -125
114 116 -125
114 117 -375
115 116 -375
115 117 -1250
116 117 -2125
