118 142 
0 0 0 0 0 0 0 0 0 0 0 0 0 1 0 0 0 0 0 0 0 0 0 0 1 0 0 0 0 1 0 0 0 0 0 0 0 0 0 0 0 0 0 0 0 0 0 0 0 0 0 0 0 0 0 1 0 0 0 0 1 0 0 1 0 0 0 0 1 0 0 0 0 0 0 0 0 0 0 0 0 0 0 0 0 0 0 0 0 0 0 1 0 0 0 0 0 1 0 0 0 0 0 0 0 0 0 0 0 0 0 0 0 0 0 0 0 0 0 0 0 0 0 0 0 0 0 0 0 0 0 0 0 0 0 0 1 0 0 0 0 0 
1 0 
1 1 
1 2 
1 3 
1 4 
1 5 
1 6 
1 7 
1 8 
1 9 
1 10 
1 11 
1 140 
1 117 
1 14 
1 15 
1 16 
1 17 
1 18 
1 19 
1 20 
1 21 
1 138 
1 139 
1 137 
1 118 
1 119 
1 27 
1 120 
2 89 26 
1 30 
1 31 
1 32 
1 33 
1 34 
1 35 
1 36 
1 37 
1 38 
1 39 
1 40 
1 41 
1 42 
1 43 
1 44 
1 45 
1 46 
1 47 
1 48 
1 49 
1 50 
1 51 
1 52 
1 133 
2 29 28 
1 132 
1 121 
1 57 
1 58 
1 131 
1 122 
1 130 
2 60 59 
1 129 
2 62 61 
1 65 
1 66 
1 128 
1 123 
1 69 
1 70 
1 71 
1 72 
1 73 
1 74 
1 75 
1 76 
1 77 
1 78 
1 79 
1 80 
1 81 
1 82 
1 83 
1 84 
1 85 
1 86 
1 87 
1 88 
1 124 
1 127 
2 68 67 
1 92 
1 93 
1 94 
2 13 12 
1 126 
1 125 
1 98 
1 99 
1 100 
1 101 
1 102 
1 103 
1 104 
1 105 
1 106 
1 107 
1 108 
1 109 
1 110 
1 111 
1 112 
1 113 
1 114 
1 115 
1 116 
19 97 96 91 90 25 24 64 63 56 55 134 54 53 135 136 95 23 22 141 

