166 213 
0 0 0 0 0 0 0 0 1 0 0 0 0 1 0 0 0 1 0 0 0 0 0 0 0 0 0 0 0 0 0 0 0 0 0 0 0 0 1 0 0 0 1 0 0 0 0 0 0 0 0 0 0 0 0 0 0 1 0 0 0 0 1 0 0 0 1 0 0 0 0 0 0 0 0 0 0 0 0 0 0 1 0 0 0 0 0 0 0 0 0 0 0 0 1 0 0 0 0 0 0 0 0 0 0 0 0 0 0 1 0 0 0 1 0 0 0 0 0 0 0 1 0 0 1 0 0 1 0 0 0 0 0 0 0 0 0 0 0 0 0 0 0 0 0 0 0 0 0 0 0 0 0 0 0 0 0 0 0 1 0 0 0 0 0 0 0 0 0 0 0 0 0 1 0 0 0 0 0 0 0 1 0 0 0 0 0 0 0 1 0 0 0 0 0 0 0 0 0 0 1 0 0 1 0 0 0 0 0 0 0 0 0 
1 0 
1 1 
1 211 
1 3 
1 4 
1 5 
1 209 
1 210 
1 208 
3 179 7 6 
1 207 
1 11 
1 206 
2 201 10 
1 205 
1 15 
1 204 
2 111 14 
1 18 
1 19 
1 20 
1 21 
1 22 
1 23 
1 24 
1 25 
1 26 
1 27 
1 28 
1 29 
1 30 
1 31 
1 32 
1 33 
1 34 
1 35 
1 165 
1 166 
1 167 
3 119 37 36 
1 168 
1 169 
1 170 
2 41 40 
1 44 
1 45 
1 46 
1 47 
1 48 
1 49 
1 50 
1 190 
1 52 
1 53 
1 54 
1 197 
2 187 51 
1 196 
2 56 55 
1 59 
1 60 
1 195 
1 171 
1 63 
1 64 
1 194 
2 62 61 
1 67 
1 68 
1 69 
1 70 
1 193 
1 72 
1 73 
1 74 
1 75 
1 76 
1 77 
1 78 
1 79 
1 192 
2 122 71 
1 82 
1 83 
1 84 
1 85 
1 86 
1 87 
1 88 
1 89 
1 90 
1 91 
1 92 
1 191 
2 81 80 
1 95 
1 96 
2 94 93 
1 98 
1 99 
1 100 
1 101 
1 102 
1 103 
1 104 
1 105 
1 106 
1 182 
2 97 198 
2 173 172 
2 108 107 
2 13 12 
1 174 
1 175 
1 114 
1 115 
1 116 
1 117 
1 118 
2 17 16 
1 186 
1 176 
2 66 65 
1 185 
1 177 
1 125 
1 184 
1 178 
1 128 
1 129 
1 130 
1 131 
1 132 
1 133 
1 134 
1 135 
1 136 
1 137 
1 138 
1 139 
1 140 
1 141 
1 142 
1 143 
1 144 
1 145 
1 146 
1 147 
1 148 
1 149 
1 150 
1 151 
1 152 
1 153 
1 154 
1 155 
1 156 
2 157 2 
1 183 
2 127 126 
1 160 
1 161 
1 162 
1 163 
1 164 
27 181 180 159 158 212 124 123 121 120 113 112 110 109 43 42 188 189 58 57 199 39 38 200 9 8 203 202 

