Iteration 1 start with 213 nodes
0 2875
0 1 375
0 2 -125
0 4 125
0 5 250
0 25 375
0 26 -125
0 28 125
0 29 250
0 125 375
0 173 -125
0 212 625
--------------------------------------
1 4500.5
1 0 375
1 2 375
1 4 -125
1 5 -250
1 55 375
1 95 375
1 107 375
1 128 -125
1 129 -125
1 131 125
1 132 250
1 133 375
1 134 -125
1 136 125
1 137 250
1 204 -125
1 206 125
1 207 250
1 212 -250.5
--------------------------------------
2 4000
2 0 -125
2 1 375
2 4 125
2 5 250
2 50 375
2 51 -125
2 53 125
2 54 250
2 59 -125
2 103 375
2 105 125
2 106 250
2 157 375
2 159 -125
2 212 875
--------------------------------------
3 375
3 4 -125
3 5 -125
3 212 -125
--------------------------------------
4 1000
4 0 125
4 1 -125
4 2 125
4 3 -125
4 5 -375
4 212 -125
--------------------------------------
5 1375
5 0 250
5 1 -250
5 2 250
5 3 -125
5 4 -375
5 212 -125
--------------------------------------
6 5375
6 7 375
6 9 125
6 67 -125
6 68 375
6 69 -125
6 70 -125
6 71 -125
6 73 125
6 74 250
6 75 375
6 76 500
6 77 625
6 179 375
6 181 -125
6 212 1625
--------------------------------------
7 625.5
7 6 375
7 9 -125
7 212 -125.5
--------------------------------------
8 125
8 9 -125
--------------------------------------
9 500
9 6 125
9 7 -125
9 8 -125
9 212 125
--------------------------------------
10 2375
10 11 375
10 13 125
10 40 -125
10 82 375
10 84 125
10 85 250
10 201 375
10 203 -125
10 212 500
--------------------------------------
11 1400
11 10 375
11 13 -125
11 78 375
11 168 -125
11 170 125
11 171 250
11 212 25
--------------------------------------
12 125
12 13 -125
--------------------------------------
13 500
13 10 125
13 11 -125
13 12 -125
13 212 125
--------------------------------------
14 3125
14 15 375
14 17 125
14 18 375
14 19 -125
14 20 -125
14 22 125
14 23 250
14 24 375
14 111 375
14 113 -125
14 212 750
--------------------------------------
15 1500.5
15 14 375
15 17 -125
15 67 375
15 164 -125
15 166 125
15 167 250
15 212 -125.5
--------------------------------------
16 125
16 17 -125
--------------------------------------
17 500
17 14 125
17 15 -125
17 16 -125
17 212 125
--------------------------------------
18 2875.5
18 14 375
18 19 375
18 20 375
18 22 -125
18 23 -250
18 24 -375
18 212 -1000.5
--------------------------------------
19 3250
19 14 -125
19 18 375
19 20 -125
19 22 125
19 23 250
19 24 375
19 68 375
19 153 375
19 155 -125
19 156 -250
19 212 750
--------------------------------------
20 6125
20 14 -125
20 18 375
20 19 -125
20 22 125
20 23 250
20 24 375
20 36 -125
20 70 -125
20 71 -125
20 86 375
20 88 125
20 89 250
20 90 375
20 91 500
20 174 375
20 175 375
20 177 -125
20 178 -250
20 212 1625
--------------------------------------
21 625
21 22 -125
21 23 -125
21 24 -125
21 212 -250
--------------------------------------
22 2000
22 14 125
22 18 -125
22 19 125
22 20 125
22 21 -125
22 23 -375
22 24 -500
22 212 -500
--------------------------------------
23 3125
23 14 250
23 18 -250
23 19 250
23 20 250
23 21 -125
23 22 -375
23 24 -875
23 212 -750
--------------------------------------
24 4000
24 14 375
24 18 -375
24 19 375
24 20 375
24 21 -125
24 22 -500
24 23 -875
24 212 -1000
--------------------------------------
25 1625.5
25 0 375
25 26 375
25 28 -125
25 29 -250
25 212 -500.5
--------------------------------------
26 4625
26 0 -125
26 25 375
26 28 125
26 29 250
26 44 -125
26 95 -125
26 96 375
26 97 -125
26 99 125
26 100 250
26 101 375
26 102 500
26 125 375
26 127 -125
26 212 1250
--------------------------------------
27 375
27 28 -125
27 29 -125
27 212 -125
--------------------------------------
28 1000
28 0 125
28 25 -125
28 26 125
28 27 -125
28 29 -375
28 212 -125
--------------------------------------
29 1375
29 0 250
29 25 -250
29 26 250
29 27 -125
29 28 -375
29 212 -125
--------------------------------------
30 4375
30 31 375
30 32 -250
30 34 125
30 35 250
30 44 -125
30 45 375
30 47 125
30 48 250
30 49 375
30 114 375
30 115 375
30 117 -125
30 118 -250
30 212 1000
--------------------------------------
31 1625.5
31 30 375
31 32 375
31 34 -125
31 35 -250
31 212 -500.5
--------------------------------------
32 4375
32 30 -250
32 31 375
32 34 125
32 35 250
32 44 -125
32 45 375
32 47 125
32 48 250
32 49 375
32 115 375
32 160 375
32 162 -125
32 163 -250
32 212 1000
--------------------------------------
33 375
33 34 -125
33 35 -125
33 212 -125
--------------------------------------
34 1000
34 30 125
34 31 -125
34 32 125
34 33 -125
34 35 -375
34 212 -125
--------------------------------------
35 1375
35 30 250
35 31 -250
35 32 250
35 33 -125
35 34 -375
35 212 -125
--------------------------------------
36 4125
36 20 -125
36 37 375
36 39 125
36 70 -125
36 71 -125
36 86 375
36 88 125
36 89 250
36 90 375
36 91 500
36 119 375
36 121 -125
36 212 1125
--------------------------------------
37 625.5
37 36 375
37 39 -125
37 212 -125.5
--------------------------------------
38 125
38 39 -125
--------------------------------------
39 500
39 36 125
39 37 -125
39 38 -125
39 212 125
--------------------------------------
40 3125
40 10 -125
40 41 375
40 43 125
40 82 375
40 84 125
40 85 250
40 148 375
40 149 375
40 151 -125
40 152 -250
40 212 625
--------------------------------------
41 625.5
41 40 375
41 43 -125
41 212 -125.5
--------------------------------------
42 125
42 43 -125
--------------------------------------
43 500
43 40 125
43 41 -125
43 42 -125
43 212 125
--------------------------------------
44 6125
44 26 -125
44 30 -125
44 32 -125
44 45 375
44 47 125
44 48 250
44 49 375
44 95 -125
44 96 375
44 97 -125
44 99 125
44 100 250
44 101 375
44 102 500
44 182 375
44 183 375
44 185 -125
44 186 -250
44 212 1625
--------------------------------------
45 2875.5
45 30 375
45 32 375
45 44 375
45 47 -125
45 48 -250
45 49 -375
45 212 -1000.5
--------------------------------------
46 625
46 47 -125
46 48 -125
46 49 -125
46 212 -250
--------------------------------------
47 2000
47 30 125
47 32 125
47 44 125
47 45 -125
47 46 -125
47 48 -375
47 49 -500
47 212 -500
--------------------------------------
48 3125
48 30 250
48 32 250
48 44 250
48 45 -250
48 46 -125
48 47 -375
48 49 -875
48 212 -750
--------------------------------------
49 4000
49 30 375
49 32 375
49 44 375
49 45 -375
49 46 -125
49 47 -500
49 48 -875
49 212 -1000
--------------------------------------
50 1625.5
50 2 375
50 51 375
50 53 -125
50 54 -250
50 212 -500.5
--------------------------------------
51 2375
51 2 -125
51 50 375
51 53 125
51 54 250
51 92 375
51 94 125
51 187 375
51 189 -125
51 212 500
--------------------------------------
52 375
52 53 -125
52 54 -125
52 212 -125
--------------------------------------
53 1000
53 2 125
53 50 -125
53 51 125
53 52 -125
53 54 -375
53 212 -125
--------------------------------------
54 1375
54 2 250
54 50 -250
54 51 250
54 52 -125
54 53 -375
54 212 -125
--------------------------------------
55 2000
55 1 375
55 56 375
55 58 125
55 204 375
55 206 -125
55 207 -250
55 212 375
--------------------------------------
56 625.5
56 55 375
56 58 -125
56 212 -125.5
--------------------------------------
57 125
57 58 -125
--------------------------------------
58 500
58 55 125
58 56 -125
58 57 -125
58 212 125
--------------------------------------
59 3875
59 2 -125
59 60 375
59 62 125
59 64 375
59 92 375
59 103 375
59 105 125
59 106 250
59 143 375
59 145 -125
59 146 -250
59 147 -375
59 212 625
--------------------------------------
60 4249.5
60 59 375
60 62 -125
60 63 375
60 68 -125
60 143 -125
60 190 -125
60 191 -125
60 193 125
60 194 250
60 195 375
60 196 500
60 197 625
60 212 999.5
--------------------------------------
61 125
61 62 -125
--------------------------------------
62 500
62 59 125
62 60 -125
62 61 -125
62 212 125
--------------------------------------
63 4250
63 60 375
63 64 375
63 66 125
63 68 375
63 143 375
63 190 375
63 191 375
63 193 -125
63 194 -250
63 195 -375
63 196 -500
63 197 -625
--------------------------------------
64 1999.5
64 59 375
64 63 375
64 66 -125
64 92 -125
64 143 -125
64 145 125
64 146 250
64 147 375
64 212 124.5
--------------------------------------
65 125
65 66 -125
--------------------------------------
66 500
66 63 125
66 64 -125
66 65 -125
66 212 125
--------------------------------------
67 5500
67 6 -125
67 15 375
67 68 375
67 69 -125
67 70 -125
67 71 -125
67 73 125
67 74 250
67 75 375
67 76 500
67 77 625
67 164 375
67 166 -125
67 167 -250
67 212 1625
--------------------------------------
68 8625.5
68 6 375
68 19 375
68 60 -125
68 63 375
68 67 375
68 69 375
68 70 375
68 71 375
68 73 -125
68 74 -250
68 75 -375
68 76 -500
68 77 -625
68 143 -125
68 153 -125
68 155 125
68 156 250
68 190 -125
68 191 -125
68 193 125
68 194 250
68 195 375
68 196 500
68 197 625
68 212 -1250.5
--------------------------------------
69 5500
69 6 -125
69 67 -125
69 68 375
69 70 -125
69 71 -125
69 73 125
69 74 250
69 75 375
69 76 500
69 77 625
69 79 375
69 208 375
69 210 -125
69 211 -250
69 212 1625
--------------------------------------
70 8375
70 6 -125
70 20 -125
70 36 -125
70 67 -125
70 68 375
70 69 -125
70 71 -250
70 73 125
70 74 250
70 75 375
70 76 500
70 77 625
70 86 375
70 88 125
70 89 250
70 90 375
70 91 500
70 138 375
70 139 375
70 141 -125
70 142 -250
70 212 2500
--------------------------------------
71 7625
71 6 -125
71 20 -125
71 36 -125
71 67 -125
71 68 375
71 69 -125
71 70 -250
71 73 125
71 74 250
71 75 375
71 76 500
71 77 625
71 86 375
71 88 125
71 89 250
71 90 375
71 91 500
71 122 375
71 124 -125
71 212 2375
--------------------------------------
72 1125
72 73 -125
72 74 -125
72 75 -125
72 76 -125
72 77 -125
72 212 -500
--------------------------------------
73 4750
73 6 125
73 67 125
73 68 -125
73 69 125
73 70 125
73 71 125
73 72 -125
73 74 -375
73 75 -500
73 76 -625
73 77 -750
73 212 -1625
--------------------------------------
74 8125
74 6 250
74 67 250
74 68 -250
74 69 250
74 70 250
74 71 250
74 72 -125
74 73 -375
74 75 -875
74 76 -1125
74 77 -1375
74 212 -2750
--------------------------------------
75 11250
75 6 375
75 67 375
75 68 -375
75 69 375
75 70 375
75 71 375
75 72 -125
75 73 -500
75 74 -875
75 76 -1625
75 77 -2000
75 212 -3875
--------------------------------------
76 14125
76 6 500
76 67 500
76 68 -500
76 69 500
76 70 500
76 71 500
76 72 -125
76 73 -625
76 74 -1125
76 75 -1625
76 77 -2625
76 212 -5000
--------------------------------------
77 16750
77 6 625
77 67 625
77 68 -625
77 69 625
77 70 625
77 71 625
77 72 -125
77 73 -750
77 74 -1375
77 75 -2000
77 76 -2625
77 212 -6125
--------------------------------------
78 2000
78 11 375
78 79 375
78 81 125
78 168 375
78 170 -125
78 171 -250
78 212 375
--------------------------------------
79 1500.5
79 69 375
79 78 375
79 81 -125
79 208 -125
79 210 125
79 211 250
79 212 -125.5
--------------------------------------
80 125
80 81 -125
--------------------------------------
81 500
81 78 125
81 79 -125
81 80 -125
81 212 125
--------------------------------------
82 1625.5
82 10 375
82 40 375
82 84 -125
82 85 -250
82 212 -500.5
--------------------------------------
83 375
83 84 -125
83 85 -125
83 212 -125
--------------------------------------
84 1000
84 10 125
84 40 125
84 82 -125
84 83 -125
84 85 -375
84 212 -125
--------------------------------------
85 1375
85 10 250
85 40 250
85 82 -250
85 83 -125
85 84 -375
85 212 -125
--------------------------------------
86 4375.5
86 20 375
86 36 375
86 70 375
86 71 375
86 88 -125
86 89 -250
86 90 -375
86 91 -500
86 212 -1625.5
--------------------------------------
87 875
87 88 -125
87 89 -125
87 90 -125
87 91 -125
87 212 -375
--------------------------------------
88 3250
88 20 125
88 36 125
88 70 125
88 71 125
88 86 -125
88 87 -125
88 89 -375
88 90 -500
88 91 -625
88 212 -1000
--------------------------------------
89 5375
89 20 250
89 36 250
89 70 250
89 71 250
89 86 -250
89 87 -125
89 88 -375
89 90 -875
89 91 -1125
89 212 -1625
--------------------------------------
90 7250
90 20 375
90 36 375
90 70 375
90 71 375
90 86 -375
90 87 -125
90 88 -500
90 89 -875
90 91 -1625
90 212 -2250
--------------------------------------
91 8875
91 20 500
91 36 500
91 70 500
91 71 500
91 86 -500
91 87 -125
91 88 -625
91 89 -1125
91 90 -1625
91 212 -2875
--------------------------------------
92 2150
92 51 375
92 59 375
92 64 -125
92 94 -125
92 143 -125
92 145 125
92 146 250
92 147 375
92 212 275
--------------------------------------
93 125
93 94 -125
--------------------------------------
94 500
94 51 125
94 92 -125
94 93 -125
94 212 125
--------------------------------------
95 4250
95 1 375
95 26 -125
95 44 -125
95 96 375
95 97 -125
95 99 125
95 100 250
95 101 375
95 102 500
95 134 375
95 136 -125
95 137 -250
95 212 1125
--------------------------------------
96 4375.5
96 26 375
96 44 375
96 95 375
96 97 375
96 99 -125
96 100 -250
96 101 -375
96 102 -500
96 212 -1625.5
--------------------------------------
97 3500
97 26 -125
97 44 -125
97 95 -125
97 96 375
97 99 125
97 100 250
97 101 375
97 102 500
97 198 375
97 200 -125
97 212 1000
--------------------------------------
98 875
98 99 -125
98 100 -125
98 101 -125
98 102 -125
98 212 -375
--------------------------------------
99 3250
99 26 125
99 44 125
99 95 125
99 96 -125
99 97 125
99 98 -125
99 100 -375
99 101 -500
99 102 -625
99 212 -1000
--------------------------------------
100 5375
100 26 250
100 44 250
100 95 250
100 96 -250
100 97 250
100 98 -125
100 99 -375
100 101 -875
100 102 -1125
100 212 -1625
--------------------------------------
101 7250
101 26 375
101 44 375
101 95 375
101 96 -375
101 97 375
101 98 -125
101 99 -500
101 100 -875
101 102 -1625
101 212 -2250
--------------------------------------
102 8875
102 26 500
102 44 500
102 95 500
102 96 -500
102 97 500
102 98 -125
102 99 -625
102 100 -1125
102 101 -1625
102 212 -2875
--------------------------------------
103 1625.5
103 2 375
103 59 375
103 105 -125
103 106 -250
103 212 -500.5
--------------------------------------
104 375
104 105 -125
104 106 -125
104 212 -125
--------------------------------------
105 1000
105 2 125
105 59 125
105 103 -125
105 104 -125
105 106 -375
105 212 -125
--------------------------------------
106 1375
106 2 250
106 59 250
106 103 -250
106 104 -125
106 105 -375
106 212 -125
--------------------------------------
107 2750
107 1 375
107 108 375
107 110 125
107 128 375
107 129 375
107 131 -125
107 132 -250
107 133 -375
107 212 375
--------------------------------------
108 625.5
108 107 375
108 110 -125
108 212 -125.5
--------------------------------------
109 125
109 110 -125
--------------------------------------
110 500
110 107 125
110 108 -125
110 109 -125
110 212 125
--------------------------------------
111 625
111 14 375
111 113 125
111 212 -125
--------------------------------------
112 125
112 113 -125
--------------------------------------
113 500
113 14 -125
113 111 125
113 112 -125
113 212 -125
--------------------------------------
114 875
114 30 375
114 115 -125
114 117 125
114 118 250
--------------------------------------
115 1750
115 30 375
115 32 375
115 114 -125
115 117 125
115 118 250
115 160 -125
115 162 125
115 163 250
--------------------------------------
116 375
116 117 -125
116 118 -125
116 212 -125
--------------------------------------
117 1250
117 30 -125
117 114 125
117 115 125
117 116 -125
117 118 -375
117 212 -375
--------------------------------------
118 1875
118 30 -250
118 114 250
118 115 250
118 116 -125
118 117 -375
118 212 -625
--------------------------------------
119 625
119 36 375
119 121 125
119 212 -125
--------------------------------------
120 125
120 121 -125
--------------------------------------
121 500
121 36 -125
121 119 125
121 120 -125
121 212 -125
--------------------------------------
122 625
122 71 375
122 124 125
122 212 -125
--------------------------------------
123 125
123 124 -125
--------------------------------------
124 500
124 71 -125
124 122 125
124 123 -125
124 212 -125
--------------------------------------
125 1250
125 0 375
125 26 375
125 127 125
125 173 125
125 212 -250
--------------------------------------
126 125
126 127 -125
--------------------------------------
127 500
127 26 -125
127 125 125
127 126 -125
127 212 -125
--------------------------------------
128 1625
128 1 -125
128 107 375
128 129 -125
128 131 125
128 132 250
128 133 375
128 212 250
--------------------------------------
129 1625
129 1 -125
129 107 375
129 128 -125
129 131 125
129 132 250
129 133 375
129 212 250
--------------------------------------
130 625
130 131 -125
130 132 -125
130 133 -125
130 212 -250
--------------------------------------
131 2250
131 1 125
131 107 -125
131 128 125
131 129 125
131 130 -125
131 132 -375
131 133 -500
131 212 -750
--------------------------------------
132 3625
132 1 250
132 107 -250
132 128 250
132 129 250
132 130 -125
132 131 -375
132 133 -875
132 212 -1250
--------------------------------------
133 4750
133 1 375
133 107 -375
133 128 375
133 129 375
133 130 -125
133 131 -500
133 132 -875
133 212 -1750
--------------------------------------
134 875
134 1 -125
134 95 375
134 136 125
134 137 250
--------------------------------------
135 375
135 136 -125
135 137 -125
135 212 -125
--------------------------------------
136 1250
136 1 125
136 95 -125
136 134 125
136 135 -125
136 137 -375
136 212 -375
--------------------------------------
137 1875
137 1 250
137 95 -250
137 134 250
137 135 -125
137 136 -375
137 212 -625
--------------------------------------
138 875
138 70 375
138 139 -125
138 141 125
138 142 250
--------------------------------------
139 875
139 70 375
139 138 -125
139 141 125
139 142 250
--------------------------------------
140 375
140 141 -125
140 142 -125
140 212 -125
--------------------------------------
141 1250
141 70 -125
141 138 125
141 139 125
141 140 -125
141 142 -375
141 212 -375
--------------------------------------
142 1875
142 70 -250
142 138 250
142 139 250
142 140 -125
142 141 -375
142 212 -625
--------------------------------------
143 5500
143 59 375
143 60 -125
143 63 375
143 64 -125
143 68 -125
143 92 -125
143 145 125
143 146 250
143 147 375
143 190 -125
143 191 -125
143 193 125
143 194 250
143 195 375
143 196 500
143 197 625
143 212 1375
--------------------------------------
144 625
144 145 -125
144 146 -125
144 147 -125
144 212 -250
--------------------------------------
145 2250
145 59 -125
145 64 125
145 92 125
145 143 125
145 144 -125
145 146 -375
145 147 -500
145 212 -750
--------------------------------------
146 3625
146 59 -250
146 64 250
146 92 250
146 143 250
146 144 -125
146 145 -375
146 147 -875
146 212 -1250
--------------------------------------
147 4750
147 59 -375
147 64 375
147 92 375
147 143 375
147 144 -125
147 145 -500
147 146 -875
147 212 -1750
--------------------------------------
148 875
148 40 375
148 149 -125
148 151 125
148 152 250
--------------------------------------
149 875
149 40 375
149 148 -125
149 151 125
149 152 250
--------------------------------------
150 375
150 151 -125
150 152 -125
150 212 -125
--------------------------------------
151 1250
151 40 -125
151 148 125
151 149 125
151 150 -125
151 152 -375
151 212 -375
--------------------------------------
152 1875
152 40 -250
152 148 250
152 149 250
152 150 -125
152 151 -375
152 212 -625
--------------------------------------
153 875
153 19 375
153 68 -125
153 155 125
153 156 250
--------------------------------------
154 375
154 155 -125
154 156 -125
154 212 -125
--------------------------------------
155 1250
155 19 -125
155 68 125
155 153 125
155 154 -125
155 156 -375
155 212 -375
--------------------------------------
156 1875
156 19 -250
156 68 250
156 153 250
156 154 -125
156 155 -375
156 212 -625
--------------------------------------
157 625
157 2 375
157 159 125
157 212 -125
--------------------------------------
158 125
158 159 -125
--------------------------------------
159 500
159 2 -125
159 157 125
159 158 -125
159 212 -125
--------------------------------------
160 875
160 32 375
160 115 -125
160 162 125
160 163 250
--------------------------------------
161 375
161 162 -125
161 163 -125
161 212 -125
--------------------------------------
162 1250
162 32 -125
162 115 125
162 160 125
162 161 -125
162 163 -375
162 212 -375
--------------------------------------
163 1875
163 32 -250
163 115 250
163 160 250
163 161 -125
163 162 -375
163 212 -625
--------------------------------------
164 875
164 15 -125
164 67 375
164 166 125
164 167 250
--------------------------------------
165 375
165 166 -125
165 167 -125
165 212 -125
--------------------------------------
166 1250
166 15 125
166 67 -125
166 164 125
166 165 -125
166 167 -375
166 212 -375
--------------------------------------
167 1875
167 15 250
167 67 -250
167 164 250
167 165 -125
167 166 -375
167 212 -625
--------------------------------------
168 875
168 11 -125
168 78 375
168 170 125
168 171 250
--------------------------------------
169 375
169 170 -125
169 171 -125
169 212 -125
--------------------------------------
170 1250
170 11 125
170 78 -125
170 168 125
170 169 -125
170 171 -375
170 212 -375
--------------------------------------
171 1875
171 11 250
171 78 -250
171 168 250
171 169 -125
171 170 -375
171 212 -625
--------------------------------------
172 125
172 173 -125
--------------------------------------
173 500
173 0 -125
173 125 125
173 172 -125
173 212 -125
--------------------------------------
174 875
174 20 375
174 175 -125
174 177 125
174 178 250
--------------------------------------
175 875
175 20 375
175 174 -125
175 177 125
175 178 250
--------------------------------------
176 375
176 177 -125
176 178 -125
176 212 -125
--------------------------------------
177 1250
177 20 -125
177 174 125
177 175 125
177 176 -125
177 178 -375
177 212 -375
--------------------------------------
178 1875
178 20 -250
178 174 250
178 175 250
178 176 -125
178 177 -375
178 212 -625
--------------------------------------
179 625
179 6 375
179 181 125
179 212 -125
--------------------------------------
180 125
180 181 -125
--------------------------------------
181 500
181 6 -125
181 179 125
181 180 -125
181 212 -125
--------------------------------------
182 875
182 44 375
182 183 -125
182 185 125
182 186 250
--------------------------------------
183 875
183 44 375
183 182 -125
183 185 125
183 186 250
--------------------------------------
184 375
184 185 -125
184 186 -125
184 212 -125
--------------------------------------
185 1250
185 44 -125
185 182 125
185 183 125
185 184 -125
185 186 -375
185 212 -375
--------------------------------------
186 1875
186 44 -250
186 182 250
186 183 250
186 184 -125
186 185 -375
186 212 -625
--------------------------------------
187 625
187 51 375
187 189 125
187 212 -125
--------------------------------------
188 125
188 189 -125
--------------------------------------
189 500
189 51 -125
189 187 125
189 188 -125
189 212 -125
--------------------------------------
190 3875
190 60 -125
190 63 375
190 68 -125
190 143 -125
190 191 -125
190 193 125
190 194 250
190 195 375
190 196 500
190 197 625
190 212 1125
--------------------------------------
191 3875
191 60 -125
191 63 375
191 68 -125
191 143 -125
191 190 -125
191 193 125
191 194 250
191 195 375
191 196 500
191 197 625
191 212 1125
--------------------------------------
192 1125
192 193 -125
192 194 -125
192 195 -125
192 196 -125
192 197 -125
192 212 -500
--------------------------------------
193 5000
193 60 125
193 63 -125
193 68 125
193 143 125
193 190 125
193 191 125
193 192 -125
193 194 -375
193 195 -500
193 196 -625
193 197 -750
193 212 -1875
--------------------------------------
194 8625
194 60 250
194 63 -250
194 68 250
194 143 250
194 190 250
194 191 250
194 192 -125
194 193 -375
194 195 -875
194 196 -1125
194 197 -1375
194 212 -3250
--------------------------------------
195 12000
195 60 375
195 63 -375
195 68 375
195 143 375
195 190 375
195 191 375
195 192 -125
195 193 -500
195 194 -875
195 196 -1625
195 197 -2000
195 212 -4625
--------------------------------------
196 15125
196 60 500
196 63 -500
196 68 500
196 143 500
196 190 500
196 191 500
196 192 -125
196 193 -625
196 194 -1125
196 195 -1625
196 197 -2625
196 212 -6000
--------------------------------------
197 18000
197 60 625
197 63 -625
197 68 625
197 143 625
197 190 625
197 191 625
197 192 -125
197 193 -750
197 194 -1375
197 195 -2000
197 196 -2625
197 212 -7375
--------------------------------------
198 625
198 97 375
198 200 125
198 212 -125
--------------------------------------
199 125
199 200 -125
--------------------------------------
200 500
200 97 -125
200 198 125
200 199 -125
200 212 -125
--------------------------------------
201 625
201 10 375
201 203 125
201 212 -125
--------------------------------------
202 125
202 203 -125
--------------------------------------
203 500
203 10 -125
203 201 125
203 202 -125
203 212 -125
--------------------------------------
204 875
204 1 -125
204 55 375
204 206 125
204 207 250
--------------------------------------
205 375
205 206 -125
205 207 -125
205 212 -125
--------------------------------------
206 1250
206 1 125
206 55 -125
206 204 125
206 205 -125
206 207 -375
206 212 -375
--------------------------------------
207 1875
207 1 250
207 55 -250
207 204 250
207 205 -125
207 206 -375
207 212 -625
--------------------------------------
208 875
208 69 375
208 79 -125
208 210 125
208 211 250
--------------------------------------
209 375
209 210 -125
209 211 -125
209 212 -125
--------------------------------------
210 1250
210 69 -125
210 79 125
210 208 125
210 209 -125
210 211 -375
210 212 -375
--------------------------------------
211 1875
211 69 -250
211 79 250
211 208 250
211 209 -125
211 210 -375
211 212 -625
--------------------------------------
212 133933
212 0 625
212 1 -250.5
212 2 875
212 3 -125
212 4 -125
212 5 -125
212 6 1625
212 7 -125.5
212 9 125
212 10 500
212 11 25
212 13 125
212 14 750
212 15 -125.5
212 17 125
212 18 -1000.5
212 19 750
212 20 1625
212 21 -250
212 22 -500
212 23 -750
212 24 -1000
212 25 -500.5
212 26 1250
212 27 -125
212 28 -125
212 29 -125
212 30 1000
212 31 -500.5
212 32 1000
212 33 -125
212 34 -125
212 35 -125
212 36 1125
212 37 -125.5
212 39 125
212 40 625
212 41 -125.5
212 43 125
212 44 1625
212 45 -1000.5
212 46 -250
212 47 -500
212 48 -750
212 49 -1000
212 50 -500.5
212 51 500
212 52 -125
212 53 -125
212 54 -125
212 55 375
212 56 -125.5
212 58 125
212 59 625
212 60 999.5
212 62 125
212 64 124.5
212 66 125
212 67 1625
212 68 -1250.5
212 69 1625
212 70 2500
212 71 2375
212 72 -500
212 73 -1625
212 74 -2750
212 75 -3875
212 76 -5000
212 77 -6125
212 78 375
212 79 -125.5
212 81 125
212 82 -500.5
212 83 -125
212 84 -125
212 85 -125
212 86 -1625.5
212 87 -375
212 88 -1000
212 89 -1625
212 90 -2250
212 91 -2875
212 92 275
212 94 125
212 95 1125
212 96 -1625.5
212 97 1000
212 98 -375
212 99 -1000
212 100 -1625
212 101 -2250
212 102 -2875
212 103 -500.5
212 104 -125
212 105 -125
212 106 -125
212 107 375
212 108 -125.5
212 110 125
212 111 -125
212 113 -125
212 116 -125
212 117 -375
212 118 -625
212 119 -125
212 121 -125
212 122 -125
212 124 -125
212 125 -250
212 127 -125
212 128 250
212 129 250
212 130 -250
212 131 -750
212 132 -1250
212 133 -1750
212 135 -125
212 136 -375
212 137 -625
212 140 -125
212 141 -375
212 142 -625
212 143 1375
212 144 -250
212 145 -750
212 146 -1250
212 147 -1750
212 150 -125
212 151 -375
212 152 -625
212 154 -125
212 155 -375
212 156 -625
212 157 -125
212 159 -125
212 161 -125
212 162 -375
212 163 -625
212 165 -125
212 166 -375
212 167 -625
212 169 -125
212 170 -375
212 171 -625
212 173 -125
212 176 -125
212 177 -375
212 178 -625
212 179 -125
212 181 -125
212 184 -125
212 185 -375
212 186 -625
212 187 -125
212 189 -125
212 190 1125
212 191 1125
212 192 -500
212 193 -1875
212 194 -3250
212 195 -4625
212 196 -6000
212 197 -7375
212 198 -125
212 200 -125
212 201 -125
212 203 -125
212 205 -125
212 206 -375
212 207 -625
212 209 -125
212 210 -375
212 211 -625
--------------------------------------
--------------------------------------
Find NGs with k = 2
Finding NGs in 3.1e-05s
Merging NGs in 0.000145s
0 2875
0 1 375
0 157 625
0 4 125
0 5 250
0 25 375
0 26 -125
0 28 125
0 29 250
0 125 375
0 179 -125
0 180 125
--------------------------------------
1 4500.5
1 0 375
1 157 -250.5
1 4 -125
1 5 -250
1 179 375
1 95 375
1 58 375
1 128 -125
1 129 -125
1 131 125
1 132 250
1 133 375
1 134 -125
1 136 125
1 137 250
1 16 -125
1 12 125
1 10 250
1 110 375
--------------------------------------
2 1875
2 69 -250
2 79 250
2 8 250
2 6 -125
2 7 -375
2 157 -625
--------------------------------------
3 375
3 4 -125
3 5 -125
3 157 -125
--------------------------------------
4 1000
4 0 125
4 1 -125
4 157 -125
4 3 -125
4 5 -375
4 179 125
--------------------------------------
5 1375
5 0 250
5 1 -250
5 157 -125
5 3 -125
5 4 -375
5 179 250
--------------------------------------
6 375
6 7 -125
6 2 -125
6 157 -125
--------------------------------------
7 1250
7 69 -125
7 79 125
7 8 125
7 6 -125
7 2 -375
7 157 -375
--------------------------------------
8 875
8 69 375
8 79 -125
8 7 125
8 2 250
--------------------------------------
9 4124.5
9 81 -125
9 157 1374.5
9 77 625
9 67 -125
9 68 375
9 69 -125
9 70 -125
9 38 0
9 73 125
9 74 250
9 75 375
9 76 500
9 181 0
--------------------------------------
10 1875
10 1 250
10 157 -625
10 16 250
10 14 -125
10 12 -375
10 58 -250
--------------------------------------
11 1400
11 157 25
11 13 375
11 78 375
11 168 -125
11 170 125
11 171 250
11 111 125
--------------------------------------
12 1250
12 1 125
12 157 -375
12 16 125
12 14 -125
12 10 -375
12 58 -125
--------------------------------------
13 1750
13 37 0
13 157 375
13 11 375
13 85 250
13 111 -125
13 82 375
13 84 125
13 43 -125
--------------------------------------
14 375
14 12 -125
14 10 -125
14 157 -125
--------------------------------------
15 1500.5
15 157 -125.5
15 17 375
15 67 375
15 164 -125
15 166 125
15 167 250
15 119 125
--------------------------------------
16 875
16 1 -125
16 10 250
16 12 125
16 58 375
--------------------------------------
17 2500
17 119 -125
17 157 625
17 15 375
17 24 375
17 18 375
17 19 -125
17 20 -125
17 22 125
17 23 250
17 121 0
--------------------------------------
18 2875.5
18 157 -1000.5
18 19 375
18 20 375
18 22 -125
18 23 -250
18 24 -375
18 17 375
--------------------------------------
19 3250
19 157 750
19 18 375
19 20 -125
19 22 125
19 23 250
19 24 375
19 68 375
19 153 375
19 155 -125
19 156 -250
19 17 -125
--------------------------------------
20 6125
20 157 1625
20 18 375
20 19 -125
20 22 125
20 23 250
20 24 375
20 17 -125
20 70 -125
20 39 -125
20 86 375
20 88 125
20 89 250
20 90 375
20 91 500
20 174 375
20 175 375
20 177 -125
20 178 -250
20 81 -125
--------------------------------------
21 625
21 22 -125
21 23 -125
21 24 -125
21 157 -250
--------------------------------------
22 2000
22 157 -500
22 18 -125
22 19 125
22 20 125
22 21 -125
22 23 -375
22 24 -500
22 17 125
--------------------------------------
23 3125
23 157 -750
23 18 -250
23 19 250
23 20 250
23 21 -125
23 22 -375
23 24 -875
23 17 250
--------------------------------------
24 4000
24 157 -1000
24 18 -375
24 19 375
24 20 375
24 21 -125
24 22 -500
24 23 -875
24 17 375
--------------------------------------
25 1625.5
25 0 375
25 26 375
25 28 -125
25 29 -250
25 157 -500.5
--------------------------------------
26 4625
26 0 -125
26 25 375
26 28 125
26 29 250
26 44 -125
26 95 -125
26 96 375
26 157 1250
26 99 125
26 100 250
26 101 375
26 102 500
26 125 375
26 108 -125
26 159 125
--------------------------------------
27 375
27 28 -125
27 29 -125
27 157 -125
--------------------------------------
28 1000
28 0 125
28 25 -125
28 26 125
28 27 -125
28 29 -375
28 157 -125
--------------------------------------
29 1375
29 0 250
29 25 -250
29 26 250
29 27 -125
29 28 -375
29 157 -125
--------------------------------------
30 4375
30 31 375
30 32 -250
30 34 125
30 35 250
30 44 -125
30 45 375
30 47 125
30 48 250
30 49 375
30 114 375
30 115 375
30 117 -125
30 118 -250
30 157 1000
--------------------------------------
31 1625.5
31 30 375
31 32 375
31 34 -125
31 35 -250
31 157 -500.5
--------------------------------------
32 4375
32 30 -250
32 31 375
32 34 125
32 35 250
32 44 -125
32 45 375
32 47 125
32 48 250
32 49 375
32 115 375
32 160 375
32 162 -125
32 163 -250
32 157 1000
--------------------------------------
33 375
33 34 -125
33 35 -125
33 157 -125
--------------------------------------
34 1000
34 30 125
34 31 -125
34 32 125
34 33 -125
34 35 -375
34 157 -125
--------------------------------------
35 1375
35 30 250
35 31 -250
35 32 250
35 33 -125
35 34 -375
35 157 -125
--------------------------------------
36 125
36 37 -125
--------------------------------------
37 250
37 36 -125
37 157 -125
37 13 0
--------------------------------------
38 125
38 157 -125
38 9 0
--------------------------------------
39 2874.5
39 81 -125
39 157 874.5
39 91 500
39 20 -125
39 70 -125
39 41 0
39 86 375
39 88 125
39 89 250
39 90 375
39 124 0
--------------------------------------
40 250
40 157 -125
40 42 -125
40 108 0
--------------------------------------
41 125
41 157 -125
41 39 0
--------------------------------------
42 125
42 40 -125
--------------------------------------
43 2499.5
43 13 -125
43 157 499.5
43 82 375
43 84 125
43 85 250
43 148 375
43 149 375
43 151 -125
43 152 -250
43 112 0
--------------------------------------
44 6125
44 26 -125
44 30 -125
44 32 -125
44 45 375
44 47 125
44 48 250
44 49 375
44 95 -125
44 96 375
44 157 1625
44 99 125
44 100 250
44 101 375
44 102 500
44 172 375
44 158 375
44 123 -125
44 120 -250
44 108 -125
--------------------------------------
45 2875.5
45 30 375
45 32 375
45 44 375
45 47 -125
45 48 -250
45 49 -375
45 157 -1000.5
--------------------------------------
46 625
46 47 -125
46 48 -125
46 49 -125
46 157 -250
--------------------------------------
47 2000
47 30 125
47 32 125
47 44 125
47 45 -125
47 46 -125
47 48 -375
47 49 -500
47 157 -500
--------------------------------------
48 3125
48 30 250
48 32 250
48 44 250
48 45 -250
48 46 -125
48 47 -375
48 49 -875
48 157 -750
--------------------------------------
49 4000
49 30 375
49 32 375
49 44 375
49 45 -375
49 46 -125
49 47 -500
49 48 -875
49 157 -1000
--------------------------------------
50 1625.5
50 157 -500.5
50 179 375
50 53 -125
50 54 -250
50 56 375
--------------------------------------
51 3875
51 60 -125
51 63 375
51 68 -125
51 143 -125
51 93 -125
51 71 125
51 65 250
51 61 375
51 57 500
51 55 625
51 157 1125
--------------------------------------
52 375
52 53 -125
52 54 -125
52 157 -125
--------------------------------------
53 1000
53 157 -125
53 50 -125
53 179 125
53 52 -125
53 54 -375
53 56 125
--------------------------------------
54 1375
54 157 -125
54 50 -250
54 179 250
54 52 -125
54 53 -375
54 56 250
--------------------------------------
55 18000
55 60 625
55 63 -625
55 68 625
55 143 625
55 51 625
55 93 625
55 80 -125
55 71 -750
55 65 -1375
55 61 -2000
55 57 -2625
55 157 -7375
--------------------------------------
56 1750
56 107 0
56 157 375
56 50 375
56 53 125
56 54 250
56 92 375
56 179 -125
56 97 -125
--------------------------------------
57 15125
57 60 500
57 63 -500
57 68 500
57 143 500
57 51 500
57 93 500
57 80 -125
57 71 -625
57 65 -1125
57 61 -1625
57 55 -2625
57 157 -6000
--------------------------------------
58 1374.5
58 10 -250
58 157 249.5
58 1 375
58 16 375
58 12 -125
58 62 0
--------------------------------------
59 3875
59 157 625
59 60 375
59 179 -125
59 64 375
59 92 375
59 103 375
59 105 125
59 106 250
59 143 375
59 145 -125
59 146 -250
59 147 -375
59 66 -125
--------------------------------------
60 4249.5
60 59 375
60 157 999.5
60 63 375
60 68 -125
60 143 -125
60 51 -125
60 93 -125
60 71 125
60 65 250
60 61 375
60 57 500
60 55 625
60 66 125
--------------------------------------
61 12000
61 60 375
61 63 -375
61 68 375
61 143 375
61 51 375
61 93 375
61 80 -125
61 71 -500
61 65 -875
61 57 -1625
61 55 -2000
61 157 -4625
--------------------------------------
62 125
62 157 -125
62 58 0
--------------------------------------
63 4250
63 60 375
63 64 375
63 55 -625
63 68 375
63 143 375
63 51 375
63 93 375
63 71 -125
63 65 -250
63 61 -375
63 57 -500
63 122 -125
--------------------------------------
64 1999.5
64 59 375
64 63 375
64 157 124.5
64 92 -125
64 143 -125
64 145 125
64 146 250
64 147 375
64 122 125
--------------------------------------
65 8625
65 60 250
65 63 -250
65 68 250
65 143 250
65 51 250
65 93 250
65 80 -125
65 71 -375
65 61 -875
65 57 -1125
65 55 -1375
65 157 -3250
--------------------------------------
66 375
66 59 -125
66 60 125
66 157 -125
--------------------------------------
67 5500
67 157 1625
67 15 375
67 68 375
67 69 -125
67 70 -125
67 9 -125
67 73 125
67 74 250
67 75 375
67 76 500
67 77 625
67 164 375
67 166 -125
67 167 -250
67 81 -125
--------------------------------------
68 8625.5
68 157 -1250.5
68 19 375
68 60 -125
68 63 375
68 67 375
68 69 375
68 70 375
68 9 375
68 73 -125
68 74 -250
68 75 -375
68 76 -500
68 77 -625
68 143 -125
68 153 -125
68 155 125
68 156 250
68 51 -125
68 93 -125
68 71 125
68 65 250
68 61 375
68 57 500
68 55 625
68 81 375
--------------------------------------
69 5500
69 157 1625
69 67 -125
69 68 375
69 70 -125
69 9 -125
69 73 125
69 74 250
69 75 375
69 76 500
69 77 625
69 79 375
69 8 375
69 7 -125
69 2 -250
69 81 -125
--------------------------------------
70 8375
70 157 2500
70 20 -125
70 9 -125
70 67 -125
70 68 375
70 69 -125
70 39 -125
70 73 125
70 74 250
70 75 375
70 76 500
70 77 625
70 86 375
70 88 125
70 89 250
70 90 375
70 91 500
70 138 375
70 139 375
70 141 -125
70 142 -250
70 81 -250
--------------------------------------
71 5000
71 60 125
71 63 -125
71 68 125
71 143 125
71 51 125
71 93 125
71 80 -125
71 65 -375
71 61 -500
71 57 -625
71 55 -750
71 157 -1875
--------------------------------------
72 1125
72 73 -125
72 74 -125
72 75 -125
72 76 -125
72 77 -125
72 157 -500
--------------------------------------
73 4750
73 157 -1625
73 67 125
73 68 -125
73 69 125
73 70 125
73 9 125
73 72 -125
73 74 -375
73 75 -500
73 76 -625
73 77 -750
73 81 125
--------------------------------------
74 8125
74 157 -2750
74 67 250
74 68 -250
74 69 250
74 70 250
74 9 250
74 72 -125
74 73 -375
74 75 -875
74 76 -1125
74 77 -1375
74 81 250
--------------------------------------
75 11250
75 157 -3875
75 67 375
75 68 -375
75 69 375
75 70 375
75 9 375
75 72 -125
75 73 -500
75 74 -875
75 76 -1625
75 77 -2000
75 81 375
--------------------------------------
76 14125
76 157 -5000
76 67 500
76 68 -500
76 69 500
76 70 500
76 9 500
76 72 -125
76 73 -625
76 74 -1125
76 75 -1625
76 77 -2625
76 81 500
--------------------------------------
77 16750
77 157 -6125
77 67 625
77 68 -625
77 69 625
77 70 625
77 9 625
77 72 -125
77 73 -750
77 74 -1375
77 75 -2000
77 76 -2625
77 81 625
--------------------------------------
78 2000
78 11 375
78 79 375
78 157 375
78 168 375
78 170 -125
78 171 -250
78 94 -125
--------------------------------------
79 1500.5
79 69 375
79 78 375
79 157 -125.5
79 8 -125
79 7 125
79 2 250
79 94 125
--------------------------------------
80 1125
80 71 -125
80 65 -125
80 61 -125
80 57 -125
80 55 -125
80 157 -500
--------------------------------------
81 7000
81 39 -125
81 157 2250
81 20 -125
81 9 -125
81 67 -125
81 68 375
81 69 -125
81 70 -250
81 73 125
81 74 250
81 75 375
81 76 500
81 77 625
81 86 375
81 88 125
81 89 250
81 90 375
81 91 500
81 127 0
--------------------------------------
82 1625.5
82 157 -500.5
82 13 375
82 84 -125
82 85 -250
82 43 375
--------------------------------------
83 375
83 84 -125
83 85 -125
83 157 -125
--------------------------------------
84 1000
84 157 -125
84 13 125
84 82 -125
84 83 -125
84 85 -375
84 43 125
--------------------------------------
85 1375
85 157 -125
85 13 250
85 82 -250
85 83 -125
85 84 -375
85 43 250
--------------------------------------
86 4375.5
86 20 375
86 157 -1625.5
86 70 375
86 39 375
86 88 -125
86 89 -250
86 90 -375
86 91 -500
86 81 375
--------------------------------------
87 875
87 88 -125
87 89 -125
87 90 -125
87 91 -125
87 157 -375
--------------------------------------
88 3250
88 20 125
88 157 -1000
88 70 125
88 39 125
88 86 -125
88 87 -125
88 89 -375
88 90 -500
88 91 -625
88 81 125
--------------------------------------
89 5375
89 20 250
89 157 -1625
89 70 250
89 39 250
89 86 -250
89 87 -125
89 88 -375
89 90 -875
89 91 -1125
89 81 250
--------------------------------------
90 7250
90 20 375
90 157 -2250
90 70 375
90 39 375
90 86 -375
90 87 -125
90 88 -500
90 89 -875
90 91 -1625
90 81 375
--------------------------------------
91 8875
91 20 500
91 157 -2875
91 70 500
91 39 500
91 86 -500
91 87 -125
91 88 -625
91 89 -1125
91 90 -1625
91 81 500
--------------------------------------
92 2150
92 157 275
92 59 375
92 64 -125
92 56 375
92 143 -125
92 145 125
92 146 250
92 147 375
92 97 125
--------------------------------------
93 3875
93 60 -125
93 63 375
93 68 -125
93 143 -125
93 51 -125
93 71 125
93 65 250
93 61 375
93 57 500
93 55 625
93 157 1125
--------------------------------------
94 375
94 78 -125
94 79 125
94 157 -125
--------------------------------------
95 4250
95 1 375
95 26 -125
95 44 -125
95 96 375
95 157 1125
95 99 125
95 100 250
95 101 375
95 102 500
95 134 375
95 136 -125
95 137 -250
95 108 -125
--------------------------------------
96 4375.5
96 26 375
96 44 375
96 95 375
96 157 -1625.5
96 99 -125
96 100 -250
96 101 -375
96 102 -500
96 108 375
--------------------------------------
97 375
97 157 -125
97 92 125
97 56 -125
--------------------------------------
98 875
98 99 -125
98 100 -125
98 101 -125
98 102 -125
98 157 -375
--------------------------------------
99 3250
99 26 125
99 44 125
99 95 125
99 96 -125
99 157 -1000
99 98 -125
99 100 -375
99 101 -500
99 102 -625
99 108 125
--------------------------------------
100 5375
100 26 250
100 44 250
100 95 250
100 96 -250
100 157 -1625
100 98 -125
100 99 -375
100 101 -875
100 102 -1125
100 108 250
--------------------------------------
101 7250
101 26 375
101 44 375
101 95 375
101 96 -375
101 157 -2250
101 98 -125
101 99 -500
101 100 -875
101 102 -1625
101 108 375
--------------------------------------
102 8875
102 26 500
102 44 500
102 95 500
102 96 -500
102 157 -2875
102 98 -125
102 99 -625
102 100 -1125
102 101 -1625
102 108 500
--------------------------------------
103 1625.5
103 157 -500.5
103 59 375
103 105 -125
103 106 -250
103 179 375
--------------------------------------
104 375
104 105 -125
104 106 -125
104 157 -125
--------------------------------------
105 1000
105 157 -125
105 59 125
105 103 -125
105 104 -125
105 106 -375
105 179 125
--------------------------------------
106 1375
106 157 -125
106 59 250
106 103 -250
106 104 -125
106 105 -375
106 179 250
--------------------------------------
107 250
107 109 -125
107 157 -125
107 56 0
--------------------------------------
108 2875
108 26 -125
108 44 -125
108 95 -125
108 96 375
108 99 125
108 100 250
108 101 375
108 102 500
108 40 0
108 157 875
--------------------------------------
109 125
109 107 -125
--------------------------------------
110 2124.5
110 133 -375
110 157 249.5
110 1 375
110 128 375
110 129 375
110 131 -125
110 132 -250
110 113 0
--------------------------------------
111 375
111 157 -125
111 11 125
111 13 -125
--------------------------------------
112 125
112 157 -125
112 43 0
--------------------------------------
113 125
113 157 -125
113 110 0
--------------------------------------
114 875
114 30 375
114 115 -125
114 117 125
114 118 250
--------------------------------------
115 1750
115 30 375
115 32 375
115 114 -125
115 117 125
115 118 250
115 160 -125
115 162 125
115 163 250
--------------------------------------
116 375
116 117 -125
116 118 -125
116 157 -125
--------------------------------------
117 1250
117 30 -125
117 114 125
117 115 125
117 116 -125
117 118 -375
117 157 -375
--------------------------------------
118 1875
118 30 -250
118 114 250
118 115 250
118 116 -125
118 117 -375
118 157 -625
--------------------------------------
119 375
119 157 -125
119 15 125
119 17 -125
--------------------------------------
120 1875
120 44 -250
120 172 250
120 158 250
120 126 -125
120 123 -375
120 157 -625
--------------------------------------
121 125
121 157 125
121 17 0
--------------------------------------
122 375
122 63 -125
122 64 125
122 157 -125
--------------------------------------
123 1250
123 44 -125
123 172 125
123 158 125
123 126 -125
123 120 -375
123 157 -375
--------------------------------------
124 125
124 157 125
124 39 0
--------------------------------------
125 1250
125 0 375
125 26 375
125 157 -250
125 159 -125
125 180 -125
--------------------------------------
126 375
126 123 -125
126 120 -125
126 157 -125
--------------------------------------
127 125
127 157 125
127 81 0
--------------------------------------
128 1625
128 1 -125
128 157 250
128 129 -125
128 131 125
128 132 250
128 133 375
128 110 375
--------------------------------------
129 1625
129 1 -125
129 157 250
129 128 -125
129 131 125
129 132 250
129 133 375
129 110 375
--------------------------------------
130 625
130 131 -125
130 132 -125
130 133 -125
130 157 -250
--------------------------------------
131 2250
131 1 125
131 157 -750
131 128 125
131 129 125
131 130 -125
131 132 -375
131 133 -500
131 110 -125
--------------------------------------
132 3625
132 1 250
132 157 -1250
132 128 250
132 129 250
132 130 -125
132 131 -375
132 133 -875
132 110 -250
--------------------------------------
133 4750
133 1 375
133 157 -1750
133 128 375
133 129 375
133 130 -125
133 131 -500
133 132 -875
133 110 -375
--------------------------------------
134 875
134 1 -125
134 95 375
134 136 125
134 137 250
--------------------------------------
135 375
135 136 -125
135 137 -125
135 157 -125
--------------------------------------
136 1250
136 1 125
136 95 -125
136 134 125
136 135 -125
136 137 -375
136 157 -375
--------------------------------------
137 1875
137 1 250
137 95 -250
137 134 250
137 135 -125
137 136 -375
137 157 -625
--------------------------------------
138 875
138 70 375
138 139 -125
138 141 125
138 142 250
--------------------------------------
139 875
139 70 375
139 138 -125
139 141 125
139 142 250
--------------------------------------
140 375
140 141 -125
140 142 -125
140 157 -125
--------------------------------------
141 1250
141 70 -125
141 138 125
141 139 125
141 140 -125
141 142 -375
141 157 -375
--------------------------------------
142 1875
142 70 -250
142 138 250
142 139 250
142 140 -125
142 141 -375
142 157 -625
--------------------------------------
143 5500
143 59 375
143 60 -125
143 63 375
143 64 -125
143 68 -125
143 92 -125
143 145 125
143 146 250
143 147 375
143 51 -125
143 93 -125
143 71 125
143 65 250
143 61 375
143 57 500
143 55 625
143 157 1375
--------------------------------------
144 625
144 145 -125
144 146 -125
144 147 -125
144 157 -250
--------------------------------------
145 2250
145 59 -125
145 64 125
145 92 125
145 143 125
145 144 -125
145 146 -375
145 147 -500
145 157 -750
--------------------------------------
146 3625
146 59 -250
146 64 250
146 92 250
146 143 250
146 144 -125
146 145 -375
146 147 -875
146 157 -1250
--------------------------------------
147 4750
147 59 -375
147 64 375
147 92 375
147 143 375
147 144 -125
147 145 -500
147 146 -875
147 157 -1750
--------------------------------------
148 875
148 152 250
148 149 -125
148 151 125
148 43 375
--------------------------------------
149 875
149 152 250
149 148 -125
149 151 125
149 43 375
--------------------------------------
150 375
150 151 -125
150 152 -125
150 157 -125
--------------------------------------
151 1250
151 157 -375
151 148 125
151 149 125
151 150 -125
151 152 -375
151 43 -125
--------------------------------------
152 1875
152 157 -625
152 148 250
152 149 250
152 150 -125
152 151 -375
152 43 -250
--------------------------------------
153 875
153 19 375
153 68 -125
153 155 125
153 156 250
--------------------------------------
154 375
154 155 -125
154 156 -125
154 157 -125
--------------------------------------
155 1250
155 19 -125
155 68 125
155 153 125
155 154 -125
155 156 -375
155 157 -375
--------------------------------------
156 1875
156 19 -250
156 68 250
156 153 250
156 154 -125
156 155 -375
156 157 -625
--------------------------------------
157 130678
157 0 625
157 1 -250.5
157 7 -375
157 3 -125
157 4 -125
157 5 -125
157 10 -625
157 6 -125
157 9 1374.5
157 12 -375
157 11 25
157 13 375
157 14 -125
157 15 -125.5
157 17 625
157 18 -1000.5
157 19 750
157 20 1625
157 21 -250
157 22 -500
157 23 -750
157 24 -1000
157 25 -500.5
157 26 1250
157 27 -125
157 28 -125
157 29 -125
157 30 1000
157 31 -500.5
157 32 1000
157 33 -125
157 34 -125
157 35 -125
157 38 -125
157 37 -125
157 39 874.5
157 40 -125
157 41 -125
157 43 499.5
157 44 1625
157 45 -1000.5
157 46 -250
157 47 -500
157 48 -750
157 49 -1000
157 50 -500.5
157 61 -4625
157 52 -125
157 53 -125
157 54 -125
157 55 -7375
157 56 375
157 58 249.5
157 59 625
157 60 999.5
157 62 -125
157 64 124.5
157 66 -125
157 67 1625
157 68 -1250.5
157 69 1625
157 70 2500
157 57 -6000
157 72 -500
157 73 -1625
157 74 -2750
157 75 -3875
157 76 -5000
157 77 -6125
157 78 375
157 79 -125.5
157 81 2250
157 82 -500.5
157 83 -125
157 84 -125
157 85 -125
157 86 -1625.5
157 87 -375
157 88 -1000
157 89 -1625
157 90 -2250
157 91 -2875
157 92 275
157 94 -125
157 95 1125
157 96 -1625.5
157 97 -125
157 98 -375
157 99 -1000
157 100 -1625
157 101 -2250
157 102 -2875
157 103 -500.5
157 104 -125
157 105 -125
157 106 -125
157 65 -3250
157 108 875
157 110 249.5
157 111 -125
157 113 -125
157 116 -125
157 117 -375
157 118 -625
157 119 -125
157 121 125
157 122 -125
157 124 125
157 125 -250
157 127 125
157 128 250
157 129 250
157 130 -250
157 131 -750
157 132 -1250
157 133 -1750
157 135 -125
157 136 -375
157 137 -625
157 140 -125
157 141 -375
157 142 -625
157 143 1375
157 144 -250
157 145 -750
157 146 -1250
157 147 -1750
157 150 -125
157 151 -375
157 152 -625
157 154 -125
157 155 -375
157 156 -625
157 2 -625
157 159 125
157 161 -125
157 162 -375
157 163 -625
157 165 -125
157 166 -375
157 167 -625
157 169 -125
157 170 -375
157 171 -625
157 173 125
157 176 -125
157 177 -375
157 178 -625
157 179 750
157 180 125
157 126 -125
157 123 -375
157 120 -625
157 112 -125
157 107 -125
157 51 1125
157 93 1125
157 80 -500
157 71 -1875
157 181 125
--------------------------------------
158 875
158 44 375
158 172 -125
158 123 125
158 120 250
--------------------------------------
159 375
159 26 125
159 125 -125
159 157 125
--------------------------------------
160 875
160 32 375
160 115 -125
160 162 125
160 163 250
--------------------------------------
161 375
161 162 -125
161 163 -125
161 157 -125
--------------------------------------
162 1250
162 32 -125
162 115 125
162 160 125
162 161 -125
162 163 -375
162 157 -375
--------------------------------------
163 1875
163 32 -250
163 115 250
163 160 250
163 161 -125
163 162 -375
163 157 -625
--------------------------------------
164 875
164 15 -125
164 67 375
164 166 125
164 167 250
--------------------------------------
165 375
165 166 -125
165 167 -125
165 157 -125
--------------------------------------
166 1250
166 15 125
166 67 -125
166 164 125
166 165 -125
166 167 -375
166 157 -375
--------------------------------------
167 1875
167 15 250
167 67 -250
167 164 250
167 165 -125
167 166 -375
167 157 -625
--------------------------------------
168 875
168 11 -125
168 78 375
168 170 125
168 171 250
--------------------------------------
169 375
169 170 -125
169 171 -125
169 157 -125
--------------------------------------
170 1250
170 11 125
170 78 -125
170 168 125
170 169 -125
170 171 -375
170 157 -375
--------------------------------------
171 1875
171 11 250
171 78 -250
171 168 250
171 169 -125
171 170 -375
171 157 -625
--------------------------------------
172 875
172 44 375
172 158 -125
172 123 125
172 120 250
--------------------------------------
173 125
173 157 125
173 179 0
--------------------------------------
174 875
174 20 375
174 175 -125
174 177 125
174 178 250
--------------------------------------
175 875
175 20 375
175 174 -125
175 177 125
175 178 250
--------------------------------------
176 375
176 177 -125
176 178 -125
176 157 -125
--------------------------------------
177 1250
177 20 -125
177 174 125
177 175 125
177 176 -125
177 178 -375
177 157 -375
--------------------------------------
178 1875
178 20 -250
178 174 250
178 175 250
178 176 -125
178 177 -375
178 157 -625
--------------------------------------
179 3375
179 56 -125
179 157 750
179 0 -125
179 1 375
179 4 125
179 5 250
179 50 375
179 106 250
179 53 125
179 54 250
179 59 -125
179 103 375
179 105 125
179 173 0
--------------------------------------
180 375
180 0 125
180 125 -125
180 157 125
--------------------------------------
181 125
181 157 125
181 9 0
--------------------------------------
--------------------------------------
Find NGs with k = 2
Finding NGs in 0.001348s
Merging NGs in 0.000367s
Iteration 1 compress 47 nodes in 0.010505s
Iteration 2 start with 166 nodes
0 2875
0 1 375
0 109 125
0 4 125
0 5 250
0 25 375
0 26 -125
0 28 125
0 29 250
0 125 375
0 157 -125
0 165 625
--------------------------------------
1 4500.5
1 0 375
1 110 375
1 4 -125
1 5 -250
1 157 375
1 95 375
1 58 375
1 128 -125
1 129 -125
1 131 125
1 132 250
1 133 375
1 134 -125
1 136 125
1 137 250
1 16 -125
1 12 125
1 10 250
1 165 -250.5
--------------------------------------
2 1875
2 69 -250
2 79 250
2 8 250
2 6 -125
2 7 -375
2 165 -625
--------------------------------------
3 375
3 4 -125
3 5 -125
3 165 -125
--------------------------------------
4 1000
4 0 125
4 1 -125
4 157 125
4 3 -125
4 5 -375
4 165 -125
--------------------------------------
5 1375
5 0 250
5 1 -250
5 157 250
5 3 -125
5 4 -375
5 165 -125
--------------------------------------
6 375
6 7 -125
6 2 -125
6 165 -125
--------------------------------------
7 1250
7 69 -125
7 79 125
7 8 125
7 6 -125
7 2 -375
7 165 -375
--------------------------------------
8 875
8 69 375
8 79 -125
8 7 125
8 2 250
--------------------------------------
9 4124.5
9 81 -125
9 76 500
9 77 625
9 67 -125
9 68 375
9 69 -125
9 70 -125
9 75 375
9 73 125
9 74 250
9 165 1374.5
--------------------------------------
10 1875
10 1 250
10 58 -250
10 16 250
10 14 -125
10 12 -375
10 165 -625
--------------------------------------
11 1400
11 111 125
11 13 375
11 78 375
11 40 -125
11 42 125
11 62 250
11 165 25
--------------------------------------
12 1250
12 1 125
12 58 -125
12 16 125
12 14 -125
12 10 -375
12 165 -375
--------------------------------------
13 1750
13 84 125
13 43 -125
13 11 375
13 85 250
13 111 -125
13 82 375
13 165 375
--------------------------------------
14 375
14 12 -125
14 10 -125
14 165 -125
--------------------------------------
15 1500.5
15 119 125
15 17 375
15 67 375
15 164 -125
15 37 125
15 38 250
15 165 -125.5
--------------------------------------
16 875
16 1 -125
16 10 250
16 12 125
16 58 375
--------------------------------------
17 2500
17 119 -125
17 23 250
17 15 375
17 24 375
17 18 375
17 19 -125
17 20 -125
17 22 125
17 165 625
--------------------------------------
18 2875.5
18 17 375
18 19 375
18 20 375
18 22 -125
18 23 -250
18 24 -375
18 165 -1000.5
--------------------------------------
19 3250
19 17 -125
19 18 375
19 20 -125
19 22 125
19 23 250
19 24 375
19 68 375
19 153 375
19 155 -125
19 156 -250
19 165 750
--------------------------------------
20 6125
20 81 -125
20 18 375
20 19 -125
20 22 125
20 23 250
20 24 375
20 17 -125
20 70 -125
20 39 -125
20 86 375
20 88 125
20 89 250
20 90 375
20 91 500
20 112 375
20 113 375
20 124 -125
20 127 -250
20 165 1625
--------------------------------------
21 625
21 22 -125
21 23 -125
21 24 -125
21 165 -250
--------------------------------------
22 2000
22 17 125
22 18 -125
22 19 125
22 20 125
22 21 -125
22 23 -375
22 24 -500
22 165 -500
--------------------------------------
23 3125
23 17 250
23 18 -250
23 19 250
23 20 250
23 21 -125
23 22 -375
23 24 -875
23 165 -750
--------------------------------------
24 4000
24 17 375
24 18 -375
24 19 375
24 20 375
24 21 -125
24 22 -500
24 23 -875
24 165 -1000
--------------------------------------
25 1625.5
25 0 375
25 26 375
25 28 -125
25 29 -250
25 165 -500.5
--------------------------------------
26 4625
26 0 -125
26 25 375
26 28 125
26 29 250
26 44 -125
26 95 -125
26 96 375
26 159 125
26 99 125
26 100 250
26 101 375
26 102 500
26 125 375
26 108 -125
26 165 1250
--------------------------------------
27 375
27 28 -125
27 29 -125
27 165 -125
--------------------------------------
28 1000
28 0 125
28 25 -125
28 26 125
28 27 -125
28 29 -375
28 165 -125
--------------------------------------
29 1375
29 0 250
29 25 -250
29 26 250
29 27 -125
29 28 -375
29 165 -125
--------------------------------------
30 4375
30 31 375
30 32 -250
30 34 125
30 35 250
30 44 -125
30 45 375
30 47 125
30 48 250
30 49 375
30 114 375
30 115 375
30 117 -125
30 118 -250
30 165 1000
--------------------------------------
31 1625.5
31 30 375
31 32 375
31 34 -125
31 35 -250
31 165 -500.5
--------------------------------------
32 4375
32 30 -250
32 31 375
32 34 125
32 35 250
32 44 -125
32 45 375
32 47 125
32 48 250
32 49 375
32 115 375
32 160 375
32 162 -125
32 163 -250
32 165 1000
--------------------------------------
33 375
33 34 -125
33 35 -125
33 165 -125
--------------------------------------
34 1000
34 30 125
34 31 -125
34 32 125
34 33 -125
34 35 -375
34 165 -125
--------------------------------------
35 1375
35 30 250
35 31 -250
35 32 250
35 33 -125
35 34 -375
35 165 -125
--------------------------------------
36 375
36 37 -125
36 38 -125
36 165 -125
--------------------------------------
37 1250
37 15 125
37 67 -125
37 164 125
37 36 -125
37 38 -375
37 165 -375
--------------------------------------
38 1875
38 15 250
38 67 -250
38 164 250
38 36 -125
38 37 -375
38 165 -625
--------------------------------------
39 2874.5
39 81 -125
39 90 375
39 91 500
39 20 -125
39 70 -125
39 89 250
39 86 375
39 88 125
39 165 874.5
--------------------------------------
40 875
40 11 -125
40 78 375
40 42 125
40 62 250
--------------------------------------
41 375
41 42 -125
41 62 -125
41 165 -125
--------------------------------------
42 1250
42 11 125
42 78 -125
42 40 125
42 41 -125
42 62 -375
42 165 -375
--------------------------------------
43 2499.5
43 13 -125
43 152 -250
43 82 375
43 84 125
43 85 250
43 148 375
43 149 375
43 151 -125
43 165 499.5
--------------------------------------
44 6125
44 26 -125
44 30 -125
44 32 -125
44 45 375
44 47 125
44 48 250
44 49 375
44 95 -125
44 96 375
44 108 -125
44 99 125
44 100 250
44 101 375
44 102 500
44 107 375
44 158 375
44 123 -125
44 120 -250
44 165 1625
--------------------------------------
45 2875.5
45 30 375
45 32 375
45 44 375
45 47 -125
45 48 -250
45 49 -375
45 165 -1000.5
--------------------------------------
46 625
46 47 -125
46 48 -125
46 49 -125
46 165 -250
--------------------------------------
47 2000
47 30 125
47 32 125
47 44 125
47 45 -125
47 46 -125
47 48 -375
47 49 -500
47 165 -500
--------------------------------------
48 3125
48 30 250
48 32 250
48 44 250
48 45 -250
48 46 -125
48 47 -375
48 49 -875
48 165 -750
--------------------------------------
49 4000
49 30 375
49 32 375
49 44 375
49 45 -375
49 46 -125
49 47 -500
49 48 -875
49 165 -1000
--------------------------------------
50 1625.5
50 56 375
50 157 375
50 53 -125
50 54 -250
50 165 -500.5
--------------------------------------
51 3875
51 60 -125
51 63 375
51 68 -125
51 143 -125
51 93 -125
51 71 125
51 65 250
51 61 375
51 57 500
51 55 625
51 165 1125
--------------------------------------
52 375
52 53 -125
52 54 -125
52 165 -125
--------------------------------------
53 1000
53 56 125
53 50 -125
53 157 125
53 52 -125
53 54 -375
53 165 -125
--------------------------------------
54 1375
54 56 250
54 50 -250
54 157 250
54 52 -125
54 53 -375
54 165 -125
--------------------------------------
55 18000
55 60 625
55 63 -625
55 68 625
55 143 625
55 51 625
55 93 625
55 80 -125
55 71 -750
55 65 -1375
55 61 -2000
55 57 -2625
55 165 -7375
--------------------------------------
56 1750
56 157 -125
56 97 -125
56 50 375
56 53 125
56 54 250
56 92 375
56 165 375
--------------------------------------
57 15125
57 60 500
57 63 -500
57 68 500
57 143 500
57 51 500
57 93 500
57 80 -125
57 71 -625
57 65 -1125
57 61 -1625
57 55 -2625
57 165 -6000
--------------------------------------
58 1374.5
58 10 -250
58 12 -125
58 1 375
58 16 375
58 165 249.5
--------------------------------------
59 3875
59 66 -125
59 60 375
59 157 -125
59 64 375
59 92 375
59 103 375
59 105 125
59 106 250
59 143 375
59 145 -125
59 146 -250
59 147 -375
59 165 625
--------------------------------------
60 4249.5
60 59 375
60 66 125
60 63 375
60 68 -125
60 143 -125
60 51 -125
60 93 -125
60 71 125
60 65 250
60 61 375
60 57 500
60 55 625
60 165 999.5
--------------------------------------
61 12000
61 60 375
61 63 -375
61 68 375
61 143 375
61 51 375
61 93 375
61 80 -125
61 71 -500
61 65 -875
61 57 -1625
61 55 -2000
61 165 -4625
--------------------------------------
62 1875
62 11 250
62 78 -250
62 40 250
62 41 -125
62 42 -375
62 165 -625
--------------------------------------
63 4250
63 60 375
63 64 375
63 55 -625
63 68 375
63 143 375
63 51 375
63 93 375
63 71 -125
63 65 -250
63 61 -375
63 57 -500
63 122 -125
--------------------------------------
64 1999.5
64 59 375
64 63 375
64 122 125
64 92 -125
64 143 -125
64 145 125
64 146 250
64 147 375
64 165 124.5
--------------------------------------
65 8625
65 60 250
65 63 -250
65 68 250
65 143 250
65 51 250
65 93 250
65 80 -125
65 71 -375
65 61 -875
65 57 -1125
65 55 -1375
65 165 -3250
--------------------------------------
66 375
66 59 -125
66 60 125
66 165 -125
--------------------------------------
67 5500
67 81 -125
67 15 375
67 68 375
67 69 -125
67 70 -125
67 9 -125
67 73 125
67 74 250
67 75 375
67 76 500
67 77 625
67 164 375
67 37 -125
67 38 -250
67 165 1625
--------------------------------------
68 8625.5
68 81 375
68 19 375
68 60 -125
68 63 375
68 67 375
68 69 375
68 70 375
68 9 375
68 73 -125
68 74 -250
68 75 -375
68 76 -500
68 77 -625
68 143 -125
68 153 -125
68 155 125
68 156 250
68 51 -125
68 93 -125
68 71 125
68 65 250
68 61 375
68 57 500
68 55 625
68 165 -1250.5
--------------------------------------
69 5500
69 81 -125
69 67 -125
69 68 375
69 70 -125
69 9 -125
69 73 125
69 74 250
69 75 375
69 76 500
69 77 625
69 79 375
69 8 375
69 7 -125
69 2 -250
69 165 1625
--------------------------------------
70 8375
70 81 -250
70 20 -125
70 9 -125
70 67 -125
70 68 375
70 69 -125
70 39 -125
70 73 125
70 74 250
70 75 375
70 76 500
70 77 625
70 86 375
70 88 125
70 89 250
70 90 375
70 91 500
70 138 375
70 139 375
70 141 -125
70 142 -250
70 165 2500
--------------------------------------
71 5000
71 60 125
71 63 -125
71 68 125
71 143 125
71 51 125
71 93 125
71 80 -125
71 65 -375
71 61 -500
71 57 -625
71 55 -750
71 165 -1875
--------------------------------------
72 1125
72 73 -125
72 74 -125
72 75 -125
72 76 -125
72 77 -125
72 165 -500
--------------------------------------
73 4750
73 81 125
73 67 125
73 68 -125
73 69 125
73 70 125
73 9 125
73 72 -125
73 74 -375
73 75 -500
73 76 -625
73 77 -750
73 165 -1625
--------------------------------------
74 8125
74 81 250
74 67 250
74 68 -250
74 69 250
74 70 250
74 9 250
74 72 -125
74 73 -375
74 75 -875
74 76 -1125
74 77 -1375
74 165 -2750
--------------------------------------
75 11250
75 81 375
75 67 375
75 68 -375
75 69 375
75 70 375
75 9 375
75 72 -125
75 73 -500
75 74 -875
75 76 -1625
75 77 -2000
75 165 -3875
--------------------------------------
76 14125
76 81 500
76 67 500
76 68 -500
76 69 500
76 70 500
76 9 500
76 72 -125
76 73 -625
76 74 -1125
76 75 -1625
76 77 -2625
76 165 -5000
--------------------------------------
77 16750
77 81 625
77 67 625
77 68 -625
77 69 625
77 70 625
77 9 625
77 72 -125
77 73 -750
77 74 -1375
77 75 -2000
77 76 -2625
77 165 -6125
--------------------------------------
78 2000
78 11 375
78 79 375
78 94 -125
78 40 375
78 42 -125
78 62 -250
78 165 375
--------------------------------------
79 1500.5
79 69 375
79 78 375
79 94 125
79 8 -125
79 7 125
79 2 250
79 165 -125.5
--------------------------------------
80 1125
80 71 -125
80 65 -125
80 61 -125
80 57 -125
80 55 -125
80 165 -500
--------------------------------------
81 7000
81 39 -125
81 91 500
81 20 -125
81 9 -125
81 67 -125
81 68 375
81 69 -125
81 70 -250
81 73 125
81 74 250
81 75 375
81 76 500
81 77 625
81 86 375
81 88 125
81 89 250
81 90 375
81 165 2250
--------------------------------------
82 1625.5
82 43 375
82 13 375
82 84 -125
82 85 -250
82 165 -500.5
--------------------------------------
83 375
83 84 -125
83 85 -125
83 165 -125
--------------------------------------
84 1000
84 43 125
84 13 125
84 82 -125
84 83 -125
84 85 -375
84 165 -125
--------------------------------------
85 1375
85 43 250
85 13 250
85 82 -250
85 83 -125
85 84 -375
85 165 -125
--------------------------------------
86 4375.5
86 20 375
86 81 375
86 70 375
86 39 375
86 88 -125
86 89 -250
86 90 -375
86 91 -500
86 165 -1625.5
--------------------------------------
87 875
87 88 -125
87 89 -125
87 90 -125
87 91 -125
87 165 -375
--------------------------------------
88 3250
88 20 125
88 81 125
88 70 125
88 39 125
88 86 -125
88 87 -125
88 89 -375
88 90 -500
88 91 -625
88 165 -1000
--------------------------------------
89 5375
89 20 250
89 81 250
89 70 250
89 39 250
89 86 -250
89 87 -125
89 88 -375
89 90 -875
89 91 -1125
89 165 -1625
--------------------------------------
90 7250
90 20 375
90 81 375
90 70 375
90 39 375
90 86 -375
90 87 -125
90 88 -500
90 89 -875
90 91 -1625
90 165 -2250
--------------------------------------
91 8875
91 20 500
91 81 500
91 70 500
91 39 500
91 86 -500
91 87 -125
91 88 -625
91 89 -1125
91 90 -1625
91 165 -2875
--------------------------------------
92 2150
92 97 125
92 59 375
92 64 -125
92 56 375
92 143 -125
92 145 125
92 146 250
92 147 375
92 165 275
--------------------------------------
93 3875
93 60 -125
93 63 375
93 68 -125
93 143 -125
93 51 -125
93 71 125
93 65 250
93 61 375
93 57 500
93 55 625
93 165 1125
--------------------------------------
94 375
94 78 -125
94 79 125
94 165 -125
--------------------------------------
95 4250
95 1 375
95 26 -125
95 44 -125
95 96 375
95 108 -125
95 99 125
95 100 250
95 101 375
95 102 500
95 134 375
95 136 -125
95 137 -250
95 165 1125
--------------------------------------
96 4375.5
96 26 375
96 44 375
96 95 375
96 108 375
96 99 -125
96 100 -250
96 101 -375
96 102 -500
96 165 -1625.5
--------------------------------------
97 375
97 56 -125
97 92 125
97 165 -125
--------------------------------------
98 875
98 99 -125
98 100 -125
98 101 -125
98 102 -125
98 165 -375
--------------------------------------
99 3250
99 26 125
99 44 125
99 95 125
99 96 -125
99 108 125
99 98 -125
99 100 -375
99 101 -500
99 102 -625
99 165 -1000
--------------------------------------
100 5375
100 26 250
100 44 250
100 95 250
100 96 -250
100 108 250
100 98 -125
100 99 -375
100 101 -875
100 102 -1125
100 165 -1625
--------------------------------------
101 7250
101 26 375
101 44 375
101 95 375
101 96 -375
101 108 375
101 98 -125
101 99 -500
101 100 -875
101 102 -1625
101 165 -2250
--------------------------------------
102 8875
102 26 500
102 44 500
102 95 500
102 96 -500
102 108 500
102 98 -125
102 99 -625
102 100 -1125
102 101 -1625
102 165 -2875
--------------------------------------
103 1625.5
103 157 375
103 59 375
103 105 -125
103 106 -250
103 165 -500.5
--------------------------------------
104 375
104 105 -125
104 106 -125
104 165 -125
--------------------------------------
105 1000
105 157 125
105 59 125
105 103 -125
105 104 -125
105 106 -375
105 165 -125
--------------------------------------
106 1375
106 157 250
106 59 250
106 103 -250
106 104 -125
106 105 -375
106 165 -125
--------------------------------------
107 875
107 44 375
107 158 -125
107 123 125
107 120 250
--------------------------------------
108 2875
108 26 -125
108 44 -125
108 95 -125
108 96 375
108 99 125
108 100 250
108 101 375
108 102 500
108 165 875
--------------------------------------
109 375
109 0 125
109 125 -125
109 165 125
--------------------------------------
110 2124.5
110 133 -375
110 132 -250
110 1 375
110 128 375
110 129 375
110 131 -125
110 165 249.5
--------------------------------------
111 375
111 13 -125
111 11 125
111 165 -125
--------------------------------------
112 875
112 20 375
112 113 -125
112 124 125
112 127 250
--------------------------------------
113 875
113 20 375
113 112 -125
113 124 125
113 127 250
--------------------------------------
114 875
114 30 375
114 115 -125
114 117 125
114 118 250
--------------------------------------
115 1750
115 30 375
115 32 375
115 114 -125
115 117 125
115 118 250
115 160 -125
115 162 125
115 163 250
--------------------------------------
116 375
116 117 -125
116 118 -125
116 165 -125
--------------------------------------
117 1250
117 30 -125
117 114 125
117 115 125
117 116 -125
117 118 -375
117 165 -375
--------------------------------------
118 1875
118 30 -250
118 114 250
118 115 250
118 116 -125
118 117 -375
118 165 -625
--------------------------------------
119 375
119 17 -125
119 15 125
119 165 -125
--------------------------------------
120 1875
120 44 -250
120 107 250
120 158 250
120 126 -125
120 123 -375
120 165 -625
--------------------------------------
121 375
121 124 -125
121 127 -125
121 165 -125
--------------------------------------
122 375
122 63 -125
122 64 125
122 165 -125
--------------------------------------
123 1250
123 44 -125
123 107 125
123 158 125
123 126 -125
123 120 -375
123 165 -375
--------------------------------------
124 1250
124 20 -125
124 112 125
124 113 125
124 121 -125
124 127 -375
124 165 -375
--------------------------------------
125 1250
125 0 375
125 26 375
125 109 -125
125 159 -125
125 165 -250
--------------------------------------
126 375
126 123 -125
126 120 -125
126 165 -125
--------------------------------------
127 1875
127 20 -250
127 112 250
127 113 250
127 121 -125
127 124 -375
127 165 -625
--------------------------------------
128 1625
128 1 -125
128 110 375
128 129 -125
128 131 125
128 132 250
128 133 375
128 165 250
--------------------------------------
129 1625
129 1 -125
129 110 375
129 128 -125
129 131 125
129 132 250
129 133 375
129 165 250
--------------------------------------
130 625
130 131 -125
130 132 -125
130 133 -125
130 165 -250
--------------------------------------
131 2250
131 1 125
131 110 -125
131 128 125
131 129 125
131 130 -125
131 132 -375
131 133 -500
131 165 -750
--------------------------------------
132 3625
132 1 250
132 110 -250
132 128 250
132 129 250
132 130 -125
132 131 -375
132 133 -875
132 165 -1250
--------------------------------------
133 4750
133 1 375
133 110 -375
133 128 375
133 129 375
133 130 -125
133 131 -500
133 132 -875
133 165 -1750
--------------------------------------
134 875
134 1 -125
134 95 375
134 136 125
134 137 250
--------------------------------------
135 375
135 136 -125
135 137 -125
135 165 -125
--------------------------------------
136 1250
136 1 125
136 95 -125
136 134 125
136 135 -125
136 137 -375
136 165 -375
--------------------------------------
137 1875
137 1 250
137 95 -250
137 134 250
137 135 -125
137 136 -375
137 165 -625
--------------------------------------
138 875
138 70 375
138 139 -125
138 141 125
138 142 250
--------------------------------------
139 875
139 70 375
139 138 -125
139 141 125
139 142 250
--------------------------------------
140 375
140 141 -125
140 142 -125
140 165 -125
--------------------------------------
141 1250
141 70 -125
141 138 125
141 139 125
141 140 -125
141 142 -375
141 165 -375
--------------------------------------
142 1875
142 70 -250
142 138 250
142 139 250
142 140 -125
142 141 -375
142 165 -625
--------------------------------------
143 5500
143 59 375
143 60 -125
143 63 375
143 64 -125
143 68 -125
143 92 -125
143 145 125
143 146 250
143 147 375
143 51 -125
143 93 -125
143 71 125
143 65 250
143 61 375
143 57 500
143 55 625
143 165 1375
--------------------------------------
144 625
144 145 -125
144 146 -125
144 147 -125
144 165 -250
--------------------------------------
145 2250
145 59 -125
145 64 125
145 92 125
145 143 125
145 144 -125
145 146 -375
145 147 -500
145 165 -750
--------------------------------------
146 3625
146 59 -250
146 64 250
146 92 250
146 143 250
146 144 -125
146 145 -375
146 147 -875
146 165 -1250
--------------------------------------
147 4750
147 59 -375
147 64 375
147 92 375
147 143 375
147 144 -125
147 145 -500
147 146 -875
147 165 -1750
--------------------------------------
148 875
148 152 250
148 149 -125
148 151 125
148 43 375
--------------------------------------
149 875
149 152 250
149 148 -125
149 151 125
149 43 375
--------------------------------------
150 375
150 151 -125
150 152 -125
150 165 -125
--------------------------------------
151 1250
151 43 -125
151 148 125
151 149 125
151 150 -125
151 152 -375
151 165 -375
--------------------------------------
152 1875
152 43 -250
152 148 250
152 149 250
152 150 -125
152 151 -375
152 165 -625
--------------------------------------
153 875
153 19 375
153 68 -125
153 155 125
153 156 250
--------------------------------------
154 375
154 155 -125
154 156 -125
154 165 -125
--------------------------------------
155 1250
155 19 -125
155 68 125
155 153 125
155 154 -125
155 156 -375
155 165 -375
--------------------------------------
156 1875
156 19 -250
156 68 250
156 153 250
156 154 -125
156 155 -375
156 165 -625
--------------------------------------
157 3375
157 56 -125
157 105 125
157 0 -125
157 1 375
157 4 125
157 5 250
157 50 375
157 106 250
157 53 125
157 54 250
157 59 -125
157 103 375
157 165 750
--------------------------------------
158 875
158 44 375
158 107 -125
158 123 125
158 120 250
--------------------------------------
159 375
159 26 125
159 125 -125
159 165 125
--------------------------------------
160 875
160 32 375
160 115 -125
160 162 125
160 163 250
--------------------------------------
161 375
161 162 -125
161 163 -125
161 165 -125
--------------------------------------
162 1250
162 32 -125
162 115 125
162 160 125
162 161 -125
162 163 -375
162 165 -375
--------------------------------------
163 1875
163 32 -250
163 115 250
163 160 250
163 161 -125
163 162 -375
163 165 -625
--------------------------------------
164 875
164 15 -125
164 67 375
164 37 125
164 38 250
--------------------------------------
165 129053
165 9 1374.5
165 157 750
165 0 625
165 1 -250.5
165 7 -375
165 3 -125
165 4 -125
165 5 -125
165 10 -625
165 6 -125
165 12 -375
165 11 25
165 13 375
165 14 -125
165 15 -125.5
165 17 625
165 18 -1000.5
165 19 750
165 20 1625
165 21 -250
165 22 -500
165 23 -750
165 24 -1000
165 25 -500.5
165 26 1250
165 27 -125
165 28 -125
165 29 -125
165 30 1000
165 31 -500.5
165 32 1000
165 33 -125
165 34 -125
165 35 -125
165 39 874.5
165 43 499.5
165 44 1625
165 45 -1000.5
165 46 -250
165 47 -500
165 48 -750
165 49 -1000
165 50 -500.5
165 61 -4625
165 52 -125
165 53 -125
165 54 -125
165 55 -7375
165 56 375
165 58 249.5
165 59 625
165 60 999.5
165 64 124.5
165 66 -125
165 67 1625
165 68 -1250.5
165 69 1625
165 70 2500
165 57 -6000
165 72 -500
165 73 -1625
165 74 -2750
165 75 -3875
165 76 -5000
165 77 -6125
165 78 375
165 79 -125.5
165 81 2250
165 82 -500.5
165 83 -125
165 84 -125
165 85 -125
165 86 -1625.5
165 87 -375
165 88 -1000
165 89 -1625
165 90 -2250
165 91 -2875
165 92 275
165 94 -125
165 95 1125
165 96 -1625.5
165 97 -125
165 98 -375
165 99 -1000
165 100 -1625
165 101 -2250
165 102 -2875
165 103 -500.5
165 104 -125
165 105 -125
165 106 -125
165 65 -3250
165 108 875
165 110 249.5
165 111 -125
165 116 -125
165 117 -375
165 118 -625
165 119 -125
165 122 -125
165 125 -250
165 128 250
165 129 250
165 130 -250
165 131 -750
165 132 -1250
165 133 -1750
165 135 -125
165 136 -375
165 137 -625
165 140 -125
165 141 -375
165 142 -625
165 143 1375
165 144 -250
165 145 -750
165 146 -1250
165 147 -1750
165 150 -125
165 151 -375
165 152 -625
165 154 -125
165 155 -375
165 156 -625
165 2 -625
165 159 125
165 161 -125
165 162 -375
165 163 -625
165 36 -125
165 37 -375
165 38 -625
165 41 -125
165 42 -375
165 62 -625
165 71 -1875
165 121 -125
165 124 -375
165 127 -625
165 109 125
165 126 -125
165 123 -375
165 120 -625
165 51 1125
165 93 1125
165 80 -500
--------------------------------------
--------------------------------------
Find NGs with k = 2
Finding NGs in 1.9e-05s
0 2875
0 1 375
0 109 125
0 4 125
0 5 250
0 25 375
0 26 -125
0 28 125
0 29 250
0 125 375
0 157 -125
0 165 625
--------------------------------------
1 4500.5
1 0 375
1 110 375
1 4 -125
1 5 -250
1 157 375
1 95 375
1 58 375
1 128 -125
1 129 -125
1 131 125
1 132 250
1 133 375
1 134 -125
1 136 125
1 137 250
1 16 -125
1 12 125
1 10 250
1 165 -250.5
--------------------------------------
2 1875
2 69 -250
2 79 250
2 8 250
2 6 -125
2 7 -375
2 165 -625
--------------------------------------
3 375
3 4 -125
3 5 -125
3 165 -125
--------------------------------------
4 1000
4 0 125
4 1 -125
4 157 125
4 3 -125
4 5 -375
4 165 -125
--------------------------------------
5 1375
5 0 250
5 1 -250
5 157 250
5 3 -125
5 4 -375
5 165 -125
--------------------------------------
6 375
6 7 -125
6 2 -125
6 165 -125
--------------------------------------
7 1250
7 69 -125
7 79 125
7 8 125
7 6 -125
7 2 -375
7 165 -375
--------------------------------------
8 875
8 69 375
8 79 -125
8 7 125
8 2 250
--------------------------------------
9 4124.5
9 81 -125
9 76 500
9 77 625
9 67 -125
9 68 375
9 69 -125
9 70 -125
9 75 375
9 73 125
9 74 250
9 165 1374.5
--------------------------------------
10 1875
10 1 250
10 58 -250
10 16 250
10 14 -125
10 12 -375
10 165 -625
--------------------------------------
11 1400
11 111 125
11 13 375
11 78 375
11 40 -125
11 42 125
11 62 250
11 165 25
--------------------------------------
12 1250
12 1 125
12 58 -125
12 16 125
12 14 -125
12 10 -375
12 165 -375
--------------------------------------
13 1750
13 84 125
13 43 -125
13 11 375
13 85 250
13 111 -125
13 82 375
13 165 375
--------------------------------------
14 375
14 12 -125
14 10 -125
14 165 -125
--------------------------------------
15 1500.5
15 119 125
15 17 375
15 67 375
15 164 -125
15 37 125
15 38 250
15 165 -125.5
--------------------------------------
16 875
16 1 -125
16 10 250
16 12 125
16 58 375
--------------------------------------
17 2500
17 119 -125
17 23 250
17 15 375
17 24 375
17 18 375
17 19 -125
17 20 -125
17 22 125
17 165 625
--------------------------------------
18 2875.5
18 17 375
18 19 375
18 20 375
18 22 -125
18 23 -250
18 24 -375
18 165 -1000.5
--------------------------------------
19 3250
19 17 -125
19 18 375
19 20 -125
19 22 125
19 23 250
19 24 375
19 68 375
19 153 375
19 155 -125
19 156 -250
19 165 750
--------------------------------------
20 6125
20 81 -125
20 18 375
20 19 -125
20 22 125
20 23 250
20 24 375
20 17 -125
20 70 -125
20 39 -125
20 86 375
20 88 125
20 89 250
20 90 375
20 91 500
20 112 375
20 113 375
20 124 -125
20 127 -250
20 165 1625
--------------------------------------
21 625
21 22 -125
21 23 -125
21 24 -125
21 165 -250
--------------------------------------
22 2000
22 17 125
22 18 -125
22 19 125
22 20 125
22 21 -125
22 23 -375
22 24 -500
22 165 -500
--------------------------------------
23 3125
23 17 250
23 18 -250
23 19 250
23 20 250
23 21 -125
23 22 -375
23 24 -875
23 165 -750
--------------------------------------
24 4000
24 17 375
24 18 -375
24 19 375
24 20 375
24 21 -125
24 22 -500
24 23 -875
24 165 -1000
--------------------------------------
25 1625.5
25 0 375
25 26 375
25 28 -125
25 29 -250
25 165 -500.5
--------------------------------------
26 4625
26 0 -125
26 25 375
26 28 125
26 29 250
26 44 -125
26 95 -125
26 96 375
26 159 125
26 99 125
26 100 250
26 101 375
26 102 500
26 125 375
26 108 -125
26 165 1250
--------------------------------------
27 375
27 28 -125
27 29 -125
27 165 -125
--------------------------------------
28 1000
28 0 125
28 25 -125
28 26 125
28 27 -125
28 29 -375
28 165 -125
--------------------------------------
29 1375
29 0 250
29 25 -250
29 26 250
29 27 -125
29 28 -375
29 165 -125
--------------------------------------
30 4375
30 31 375
30 32 -250
30 34 125
30 35 250
30 44 -125
30 45 375
30 47 125
30 48 250
30 49 375
30 114 375
30 115 375
30 117 -125
30 118 -250
30 165 1000
--------------------------------------
31 1625.5
31 30 375
31 32 375
31 34 -125
31 35 -250
31 165 -500.5
--------------------------------------
32 4375
32 30 -250
32 31 375
32 34 125
32 35 250
32 44 -125
32 45 375
32 47 125
32 48 250
32 49 375
32 115 375
32 160 375
32 162 -125
32 163 -250
32 165 1000
--------------------------------------
33 375
33 34 -125
33 35 -125
33 165 -125
--------------------------------------
34 1000
34 30 125
34 31 -125
34 32 125
34 33 -125
34 35 -375
34 165 -125
--------------------------------------
35 1375
35 30 250
35 31 -250
35 32 250
35 33 -125
35 34 -375
35 165 -125
--------------------------------------
36 375
36 37 -125
36 38 -125
36 165 -125
--------------------------------------
37 1250
37 15 125
37 67 -125
37 164 125
37 36 -125
37 38 -375
37 165 -375
--------------------------------------
38 1875
38 15 250
38 67 -250
38 164 250
38 36 -125
38 37 -375
38 165 -625
--------------------------------------
39 2874.5
39 81 -125
39 90 375
39 91 500
39 20 -125
39 70 -125
39 89 250
39 86 375
39 88 125
39 165 874.5
--------------------------------------
40 875
40 11 -125
40 78 375
40 42 125
40 62 250
--------------------------------------
41 375
41 42 -125
41 62 -125
41 165 -125
--------------------------------------
42 1250
42 11 125
42 78 -125
42 40 125
42 41 -125
42 62 -375
42 165 -375
--------------------------------------
43 2499.5
43 13 -125
43 152 -250
43 82 375
43 84 125
43 85 250
43 148 375
43 149 375
43 151 -125
43 165 499.5
--------------------------------------
44 6125
44 26 -125
44 30 -125
44 32 -125
44 45 375
44 47 125
44 48 250
44 49 375
44 95 -125
44 96 375
44 108 -125
44 99 125
44 100 250
44 101 375
44 102 500
44 107 375
44 158 375
44 123 -125
44 120 -250
44 165 1625
--------------------------------------
45 2875.5
45 30 375
45 32 375
45 44 375
45 47 -125
45 48 -250
45 49 -375
45 165 -1000.5
--------------------------------------
46 625
46 47 -125
46 48 -125
46 49 -125
46 165 -250
--------------------------------------
47 2000
47 30 125
47 32 125
47 44 125
47 45 -125
47 46 -125
47 48 -375
47 49 -500
47 165 -500
--------------------------------------
48 3125
48 30 250
48 32 250
48 44 250
48 45 -250
48 46 -125
48 47 -375
48 49 -875
48 165 -750
--------------------------------------
49 4000
49 30 375
49 32 375
49 44 375
49 45 -375
49 46 -125
49 47 -500
49 48 -875
49 165 -1000
--------------------------------------
50 1625.5
50 56 375
50 157 375
50 53 -125
50 54 -250
50 165 -500.5
--------------------------------------
51 3875
51 60 -125
51 63 375
51 68 -125
51 143 -125
51 93 -125
51 71 125
51 65 250
51 61 375
51 57 500
51 55 625
51 165 1125
--------------------------------------
52 375
52 53 -125
52 54 -125
52 165 -125
--------------------------------------
53 1000
53 56 125
53 50 -125
53 157 125
53 52 -125
53 54 -375
53 165 -125
--------------------------------------
54 1375
54 56 250
54 50 -250
54 157 250
54 52 -125
54 53 -375
54 165 -125
--------------------------------------
55 18000
55 60 625
55 63 -625
55 68 625
55 143 625
55 51 625
55 93 625
55 80 -125
55 71 -750
55 65 -1375
55 61 -2000
55 57 -2625
55 165 -7375
--------------------------------------
56 1750
56 157 -125
56 97 -125
56 50 375
56 53 125
56 54 250
56 92 375
56 165 375
--------------------------------------
57 15125
57 60 500
57 63 -500
57 68 500
57 143 500
57 51 500
57 93 500
57 80 -125
57 71 -625
57 65 -1125
57 61 -1625
57 55 -2625
57 165 -6000
--------------------------------------
58 1374.5
58 10 -250
58 12 -125
58 1 375
58 16 375
58 165 249.5
--------------------------------------
59 3875
59 66 -125
59 60 375
59 157 -125
59 64 375
59 92 375
59 103 375
59 105 125
59 106 250
59 143 375
59 145 -125
59 146 -250
59 147 -375
59 165 625
--------------------------------------
60 4249.5
60 59 375
60 66 125
60 63 375
60 68 -125
60 143 -125
60 51 -125
60 93 -125
60 71 125
60 65 250
60 61 375
60 57 500
60 55 625
60 165 999.5
--------------------------------------
61 12000
61 60 375
61 63 -375
61 68 375
61 143 375
61 51 375
61 93 375
61 80 -125
61 71 -500
61 65 -875
61 57 -1625
61 55 -2000
61 165 -4625
--------------------------------------
62 1875
62 11 250
62 78 -250
62 40 250
62 41 -125
62 42 -375
62 165 -625
--------------------------------------
63 4250
63 60 375
63 64 375
63 55 -625
63 68 375
63 143 375
63 51 375
63 93 375
63 71 -125
63 65 -250
63 61 -375
63 57 -500
63 122 -125
--------------------------------------
64 1999.5
64 59 375
64 63 375
64 122 125
64 92 -125
64 143 -125
64 145 125
64 146 250
64 147 375
64 165 124.5
--------------------------------------
65 8625
65 60 250
65 63 -250
65 68 250
65 143 250
65 51 250
65 93 250
65 80 -125
65 71 -375
65 61 -875
65 57 -1125
65 55 -1375
65 165 -3250
--------------------------------------
66 375
66 59 -125
66 60 125
66 165 -125
--------------------------------------
67 5500
67 81 -125
67 15 375
67 68 375
67 69 -125
67 70 -125
67 9 -125
67 73 125
67 74 250
67 75 375
67 76 500
67 77 625
67 164 375
67 37 -125
67 38 -250
67 165 1625
--------------------------------------
68 8625.5
68 81 375
68 19 375
68 60 -125
68 63 375
68 67 375
68 69 375
68 70 375
68 9 375
68 73 -125
68 74 -250
68 75 -375
68 76 -500
68 77 -625
68 143 -125
68 153 -125
68 155 125
68 156 250
68 51 -125
68 93 -125
68 71 125
68 65 250
68 61 375
68 57 500
68 55 625
68 165 -1250.5
--------------------------------------
69 5500
69 81 -125
69 67 -125
69 68 375
69 70 -125
69 9 -125
69 73 125
69 74 250
69 75 375
69 76 500
69 77 625
69 79 375
69 8 375
69 7 -125
69 2 -250
69 165 1625
--------------------------------------
70 8375
70 81 -250
70 20 -125
70 9 -125
70 67 -125
70 68 375
70 69 -125
70 39 -125
70 73 125
70 74 250
70 75 375
70 76 500
70 77 625
70 86 375
70 88 125
70 89 250
70 90 375
70 91 500
70 138 375
70 139 375
70 141 -125
70 142 -250
70 165 2500
--------------------------------------
71 5000
71 60 125
71 63 -125
71 68 125
71 143 125
71 51 125
71 93 125
71 80 -125
71 65 -375
71 61 -500
71 57 -625
71 55 -750
71 165 -1875
--------------------------------------
72 1125
72 73 -125
72 74 -125
72 75 -125
72 76 -125
72 77 -125
72 165 -500
--------------------------------------
73 4750
73 81 125
73 67 125
73 68 -125
73 69 125
73 70 125
73 9 125
73 72 -125
73 74 -375
73 75 -500
73 76 -625
73 77 -750
73 165 -1625
--------------------------------------
74 8125
74 81 250
74 67 250
74 68 -250
74 69 250
74 70 250
74 9 250
74 72 -125
74 73 -375
74 75 -875
74 76 -1125
74 77 -1375
74 165 -2750
--------------------------------------
75 11250
75 81 375
75 67 375
75 68 -375
75 69 375
75 70 375
75 9 375
75 72 -125
75 73 -500
75 74 -875
75 76 -1625
75 77 -2000
75 165 -3875
--------------------------------------
76 14125
76 81 500
76 67 500
76 68 -500
76 69 500
76 70 500
76 9 500
76 72 -125
76 73 -625
76 74 -1125
76 75 -1625
76 77 -2625
76 165 -5000
--------------------------------------
77 16750
77 81 625
77 67 625
77 68 -625
77 69 625
77 70 625
77 9 625
77 72 -125
77 73 -750
77 74 -1375
77 75 -2000
77 76 -2625
77 165 -6125
--------------------------------------
78 2000
78 11 375
78 79 375
78 94 -125
78 40 375
78 42 -125
78 62 -250
78 165 375
--------------------------------------
79 1500.5
79 69 375
79 78 375
79 94 125
79 8 -125
79 7 125
79 2 250
79 165 -125.5
--------------------------------------
80 1125
80 71 -125
80 65 -125
80 61 -125
80 57 -125
80 55 -125
80 165 -500
--------------------------------------
81 7000
81 39 -125
81 91 500
81 20 -125
81 9 -125
81 67 -125
81 68 375
81 69 -125
81 70 -250
81 73 125
81 74 250
81 75 375
81 76 500
81 77 625
81 86 375
81 88 125
81 89 250
81 90 375
81 165 2250
--------------------------------------
82 1625.5
82 43 375
82 13 375
82 84 -125
82 85 -250
82 165 -500.5
--------------------------------------
83 375
83 84 -125
83 85 -125
83 165 -125
--------------------------------------
84 1000
84 43 125
84 13 125
84 82 -125
84 83 -125
84 85 -375
84 165 -125
--------------------------------------
85 1375
85 43 250
85 13 250
85 82 -250
85 83 -125
85 84 -375
85 165 -125
--------------------------------------
86 4375.5
86 20 375
86 81 375
86 70 375
86 39 375
86 88 -125
86 89 -250
86 90 -375
86 91 -500
86 165 -1625.5
--------------------------------------
87 875
87 88 -125
87 89 -125
87 90 -125
87 91 -125
87 165 -375
--------------------------------------
88 3250
88 20 125
88 81 125
88 70 125
88 39 125
88 86 -125
88 87 -125
88 89 -375
88 90 -500
88 91 -625
88 165 -1000
--------------------------------------
89 5375
89 20 250
89 81 250
89 70 250
89 39 250
89 86 -250
89 87 -125
89 88 -375
89 90 -875
89 91 -1125
89 165 -1625
--------------------------------------
90 7250
90 20 375
90 81 375
90 70 375
90 39 375
90 86 -375
90 87 -125
90 88 -500
90 89 -875
90 91 -1625
90 165 -2250
--------------------------------------
91 8875
91 20 500
91 81 500
91 70 500
91 39 500
91 86 -500
91 87 -125
91 88 -625
91 89 -1125
91 90 -1625
91 165 -2875
--------------------------------------
92 2150
92 97 125
92 59 375
92 64 -125
92 56 375
92 143 -125
92 145 125
92 146 250
92 147 375
92 165 275
--------------------------------------
93 3875
93 60 -125
93 63 375
93 68 -125
93 143 -125
93 51 -125
93 71 125
93 65 250
93 61 375
93 57 500
93 55 625
93 165 1125
--------------------------------------
94 375
94 78 -125
94 79 125
94 165 -125
--------------------------------------
95 4250
95 1 375
95 26 -125
95 44 -125
95 96 375
95 108 -125
95 99 125
95 100 250
95 101 375
95 102 500
95 134 375
95 136 -125
95 137 -250
95 165 1125
--------------------------------------
96 4375.5
96 26 375
96 44 375
96 95 375
96 108 375
96 99 -125
96 100 -250
96 101 -375
96 102 -500
96 165 -1625.5
--------------------------------------
97 375
97 56 -125
97 92 125
97 165 -125
--------------------------------------
98 875
98 99 -125
98 100 -125
98 101 -125
98 102 -125
98 165 -375
--------------------------------------
99 3250
99 26 125
99 44 125
99 95 125
99 96 -125
99 108 125
99 98 -125
99 100 -375
99 101 -500
99 102 -625
99 165 -1000
--------------------------------------
100 5375
100 26 250
100 44 250
100 95 250
100 96 -250
100 108 250
100 98 -125
100 99 -375
100 101 -875
100 102 -1125
100 165 -1625
--------------------------------------
101 7250
101 26 375
101 44 375
101 95 375
101 96 -375
101 108 375
101 98 -125
101 99 -500
101 100 -875
101 102 -1625
101 165 -2250
--------------------------------------
102 8875
102 26 500
102 44 500
102 95 500
102 96 -500
102 108 500
102 98 -125
102 99 -625
102 100 -1125
102 101 -1625
102 165 -2875
--------------------------------------
103 1625.5
103 157 375
103 59 375
103 105 -125
103 106 -250
103 165 -500.5
--------------------------------------
104 375
104 105 -125
104 106 -125
104 165 -125
--------------------------------------
105 1000
105 157 125
105 59 125
105 103 -125
105 104 -125
105 106 -375
105 165 -125
--------------------------------------
106 1375
106 157 250
106 59 250
106 103 -250
106 104 -125
106 105 -375
106 165 -125
--------------------------------------
107 875
107 44 375
107 158 -125
107 123 125
107 120 250
--------------------------------------
108 2875
108 26 -125
108 44 -125
108 95 -125
108 96 375
108 99 125
108 100 250
108 101 375
108 102 500
108 165 875
--------------------------------------
109 375
109 0 125
109 125 -125
109 165 125
--------------------------------------
110 2124.5
110 133 -375
110 132 -250
110 1 375
110 128 375
110 129 375
110 131 -125
110 165 249.5
--------------------------------------
111 375
111 13 -125
111 11 125
111 165 -125
--------------------------------------
112 875
112 20 375
112 113 -125
112 124 125
112 127 250
--------------------------------------
113 875
113 20 375
113 112 -125
113 124 125
113 127 250
--------------------------------------
114 875
114 30 375
114 115 -125
114 117 125
114 118 250
--------------------------------------
115 1750
115 30 375
115 32 375
115 114 -125
115 117 125
115 118 250
115 160 -125
115 162 125
115 163 250
--------------------------------------
116 375
116 117 -125
116 118 -125
116 165 -125
--------------------------------------
117 1250
117 30 -125
117 114 125
117 115 125
117 116 -125
117 118 -375
117 165 -375
--------------------------------------
118 1875
118 30 -250
118 114 250
118 115 250
118 116 -125
118 117 -375
118 165 -625
--------------------------------------
119 375
119 17 -125
119 15 125
119 165 -125
--------------------------------------
120 1875
120 44 -250
120 107 250
120 158 250
120 126 -125
120 123 -375
120 165 -625
--------------------------------------
121 375
121 124 -125
121 127 -125
121 165 -125
--------------------------------------
122 375
122 63 -125
122 64 125
122 165 -125
--------------------------------------
123 1250
123 44 -125
123 107 125
123 158 125
123 126 -125
123 120 -375
123 165 -375
--------------------------------------
124 1250
124 20 -125
124 112 125
124 113 125
124 121 -125
124 127 -375
124 165 -375
--------------------------------------
125 1250
125 0 375
125 26 375
125 109 -125
125 159 -125
125 165 -250
--------------------------------------
126 375
126 123 -125
126 120 -125
126 165 -125
--------------------------------------
127 1875
127 20 -250
127 112 250
127 113 250
127 121 -125
127 124 -375
127 165 -625
--------------------------------------
128 1625
128 1 -125
128 110 375
128 129 -125
128 131 125
128 132 250
128 133 375
128 165 250
--------------------------------------
129 1625
129 1 -125
129 110 375
129 128 -125
129 131 125
129 132 250
129 133 375
129 165 250
--------------------------------------
130 625
130 131 -125
130 132 -125
130 133 -125
130 165 -250
--------------------------------------
131 2250
131 1 125
131 110 -125
131 128 125
131 129 125
131 130 -125
131 132 -375
131 133 -500
131 165 -750
--------------------------------------
132 3625
132 1 250
132 110 -250
132 128 250
132 129 250
132 130 -125
132 131 -375
132 133 -875
132 165 -1250
--------------------------------------
133 4750
133 1 375
133 110 -375
133 128 375
133 129 375
133 130 -125
133 131 -500
133 132 -875
133 165 -1750
--------------------------------------
134 875
134 1 -125
134 95 375
134 136 125
134 137 250
--------------------------------------
135 375
135 136 -125
135 137 -125
135 165 -125
--------------------------------------
136 1250
136 1 125
136 95 -125
136 134 125
136 135 -125
136 137 -375
136 165 -375
--------------------------------------
137 1875
137 1 250
137 95 -250
137 134 250
137 135 -125
137 136 -375
137 165 -625
--------------------------------------
138 875
138 70 375
138 139 -125
138 141 125
138 142 250
--------------------------------------
139 875
139 70 375
139 138 -125
139 141 125
139 142 250
--------------------------------------
140 375
140 141 -125
140 142 -125
140 165 -125
--------------------------------------
141 1250
141 70 -125
141 138 125
141 139 125
141 140 -125
141 142 -375
141 165 -375
--------------------------------------
142 1875
142 70 -250
142 138 250
142 139 250
142 140 -125
142 141 -375
142 165 -625
--------------------------------------
143 5500
143 59 375
143 60 -125
143 63 375
143 64 -125
143 68 -125
143 92 -125
143 145 125
143 146 250
143 147 375
143 51 -125
143 93 -125
143 71 125
143 65 250
143 61 375
143 57 500
143 55 625
143 165 1375
--------------------------------------
144 625
144 145 -125
144 146 -125
144 147 -125
144 165 -250
--------------------------------------
145 2250
145 59 -125
145 64 125
145 92 125
145 143 125
145 144 -125
145 146 -375
145 147 -500
145 165 -750
--------------------------------------
146 3625
146 59 -250
146 64 250
146 92 250
146 143 250
146 144 -125
146 145 -375
146 147 -875
146 165 -1250
--------------------------------------
147 4750
147 59 -375
147 64 375
147 92 375
147 143 375
147 144 -125
147 145 -500
147 146 -875
147 165 -1750
--------------------------------------
148 875
148 152 250
148 149 -125
148 151 125
148 43 375
--------------------------------------
149 875
149 152 250
149 148 -125
149 151 125
149 43 375
--------------------------------------
150 375
150 151 -125
150 152 -125
150 165 -125
--------------------------------------
151 1250
151 43 -125
151 148 125
151 149 125
151 150 -125
151 152 -375
151 165 -375
--------------------------------------
152 1875
152 43 -250
152 148 250
152 149 250
152 150 -125
152 151 -375
152 165 -625
--------------------------------------
153 875
153 19 375
153 68 -125
153 155 125
153 156 250
--------------------------------------
154 375
154 155 -125
154 156 -125
154 165 -125
--------------------------------------
155 1250
155 19 -125
155 68 125
155 153 125
155 154 -125
155 156 -375
155 165 -375
--------------------------------------
156 1875
156 19 -250
156 68 250
156 153 250
156 154 -125
156 155 -375
156 165 -625
--------------------------------------
157 3375
157 56 -125
157 105 125
157 0 -125
157 1 375
157 4 125
157 5 250
157 50 375
157 106 250
157 53 125
157 54 250
157 59 -125
157 103 375
157 165 750
--------------------------------------
158 875
158 44 375
158 107 -125
158 123 125
158 120 250
--------------------------------------
159 375
159 26 125
159 125 -125
159 165 125
--------------------------------------
160 875
160 32 375
160 115 -125
160 162 125
160 163 250
--------------------------------------
161 375
161 162 -125
161 163 -125
161 165 -125
--------------------------------------
162 1250
162 32 -125
162 115 125
162 160 125
162 161 -125
162 163 -375
162 165 -375
--------------------------------------
163 1875
163 32 -250
163 115 250
163 160 250
163 161 -125
163 162 -375
163 165 -625
--------------------------------------
164 875
164 15 -125
164 67 375
164 37 125
164 38 250
--------------------------------------
165 129053
165 9 1374.5
165 157 750
165 0 625
165 1 -250.5
165 7 -375
165 3 -125
165 4 -125
165 5 -125
165 10 -625
165 6 -125
165 12 -375
165 11 25
165 13 375
165 14 -125
165 15 -125.5
165 17 625
165 18 -1000.5
165 19 750
165 20 1625
165 21 -250
165 22 -500
165 23 -750
165 24 -1000
165 25 -500.5
165 26 1250
165 27 -125
165 28 -125
165 29 -125
165 30 1000
165 31 -500.5
165 32 1000
165 33 -125
165 34 -125
165 35 -125
165 39 874.5
165 43 499.5
165 44 1625
165 45 -1000.5
165 46 -250
165 47 -500
165 48 -750
165 49 -1000
165 50 -500.5
165 61 -4625
165 52 -125
165 53 -125
165 54 -125
165 55 -7375
165 56 375
165 58 249.5
165 59 625
165 60 999.5
165 64 124.5
165 66 -125
165 67 1625
165 68 -1250.5
165 69 1625
165 70 2500
165 57 -6000
165 72 -500
165 73 -1625
165 74 -2750
165 75 -3875
165 76 -5000
165 77 -6125
165 78 375
165 79 -125.5
165 81 2250
165 82 -500.5
165 83 -125
165 84 -125
165 85 -125
165 86 -1625.5
165 87 -375
165 88 -1000
165 89 -1625
165 90 -2250
165 91 -2875
165 92 275
165 94 -125
165 95 1125
165 96 -1625.5
165 97 -125
165 98 -375
165 99 -1000
165 100 -1625
165 101 -2250
165 102 -2875
165 103 -500.5
165 104 -125
165 105 -125
165 106 -125
165 65 -3250
165 108 875
165 110 249.5
165 111 -125
165 116 -125
165 117 -375
165 118 -625
165 119 -125
165 122 -125
165 125 -250
165 128 250
165 129 250
165 130 -250
165 131 -750
165 132 -1250
165 133 -1750
165 135 -125
165 136 -375
165 137 -625
165 140 -125
165 141 -375
165 142 -625
165 143 1375
165 144 -250
165 145 -750
165 146 -1250
165 147 -1750
165 150 -125
165 151 -375
165 152 -625
165 154 -125
165 155 -375
165 156 -625
165 2 -625
165 159 125
165 161 -125
165 162 -375
165 163 -625
165 36 -125
165 37 -375
165 38 -625
165 41 -125
165 42 -375
165 62 -625
165 71 -1875
165 121 -125
165 124 -375
165 127 -625
165 109 125
165 126 -125
165 123 -375
165 120 -625
165 51 1125
165 93 1125
165 80 -500
--------------------------------------
--------------------------------------
Find NGs with k = 2
Finding NGs in 0.001003s
Iteration 2 compress 0 nodes in 0.00847s
