166 681
0 1 375
0 109 125
0 4 125
0 5 250
0 25 375
0 26 -125
0 28 125
0 29 250
0 125 375
0 157 -125
0 165 625
1 110 375
1 4 -125
1 5 -250
1 157 375
1 95 375
1 58 375
1 128 -125
1 129 -125
1 131 125
1 132 250
1 133 375
1 134 -125
1 136 125
1 137 250
1 16 -125
1 12 125
1 10 250
1 165 -250.5
2 69 -250
2 79 250
2 8 250
2 6 -125
2 7 -375
2 165 -625
3 4 -125
3 5 -125
3 165 -125
4 157 125
4 5 -375
4 165 -125
5 157 250
5 165 -125
6 7 -125
6 165 -125
7 69 -125
7 79 125
7 8 125
7 165 -375
8 69 375
8 79 -125
9 81 -125
9 76 500
9 77 625
9 67 -125
9 68 375
9 69 -125
9 70 -125
9 75 375
9 73 125
9 74 250
9 165 1374.5
10 58 -250
10 16 250
10 14 -125
10 12 -375
10 165 -625
11 111 125
11 13 375
11 78 375
11 40 -125
11 42 125
11 62 250
11 165 25
12 58 -125
12 16 125
12 14 -125
12 165 -375
13 84 125
13 43 -125
13 85 250
13 111 -125
13 82 375
13 165 375
14 165 -125
15 119 125
15 17 375
15 67 375
15 164 -125
15 37 125
15 38 250
15 165 -125.5
16 58 375
17 119 -125
17 23 250
17 24 375
17 18 375
17 19 -125
17 20 -125
17 22 125
17 165 625
18 19 375
18 20 375
18 22 -125
18 23 -250
18 24 -375
18 165 -1000.5
19 20 -125
19 22 125
19 23 250
19 24 375
19 68 375
19 153 375
19 155 -125
19 156 -250
19 165 750
20 81 -125
20 22 125
20 23 250
20 24 375
20 70 -125
20 39 -125
20 86 375
20 88 125
20 89 250
20 90 375
20 91 500
20 112 375
20 113 375
20 124 -125
20 127 -250
20 165 1625
21 22 -125
21 23 -125
21 24 -125
21 165 -250
22 23 -375
22 24 -500
22 165 -500
23 24 -875
23 165 -750
24 165 -1000
25 26 375
25 28 -125
25 29 -250
25 165 -500.5
26 28 125
26 29 250
26 44 -125
26 95 -125
26 96 375
26 159 125
26 99 125
26 100 250
26 101 375
26 102 500
26 125 375
26 108 -125
26 165 1250
27 28 -125
27 29 -125
27 165 -125
28 29 -375
28 165 -125
29 165 -125
30 31 375
30 32 -250
30 34 125
30 35 250
30 44 -125
30 45 375
30 47 125
30 48 250
30 49 375
30 114 375
30 115 375
30 117 -125
30 118 -250
30 165 1000
31 32 375
31 34 -125
31 35 -250
31 165 -500.5
32 34 125
32 35 250
32 44 -125
32 45 375
32 47 125
32 48 250
32 49 375
32 115 375
32 160 375
32 162 -125
32 163 -250
32 165 1000
33 34 -125
33 35 -125
33 165 -125
34 35 -375
34 165 -125
35 165 -125
36 37 -125
36 38 -125
36 165 -125
37 67 -125
37 164 125
37 38 -375
37 165 -375
38 67 -250
38 164 250
38 165 -625
39 81 -125
39 90 375
39 91 500
39 70 -125
39 89 250
39 86 375
39 88 125
39 165 874.5
40 78 375
40 42 125
40 62 250
41 42 -125
41 62 -125
41 165 -125
42 78 -125
42 62 -375
42 165 -375
43 152 -250
43 82 375
43 84 125
43 85 250
43 148 375
43 149 375
43 151 -125
43 165 499.5
44 45 375
44 47 125
44 48 250
44 49 375
44 95 -125
44 96 375
44 108 -125
44 99 125
44 100 250
44 101 375
44 102 500
44 107 375
44 158 375
44 123 -125
44 120 -250
44 165 1625
45 47 -125
45 48 -250
45 49 -375
45 165 -1000.5
46 47 -125
46 48 -125
46 49 -125
46 165 -250
47 48 -375
47 49 -500
47 165 -500
48 49 -875
48 165 -750
49 165 -1000
50 56 375
50 157 375
50 53 -125
50 54 -250
50 165 -500.5
51 60 -125
51 63 375
51 68 -125
51 143 -125
51 93 -125
51 71 125
51 65 250
51 61 375
51 57 500
51 55 625
51 165 1125
52 53 -125
52 54 -125
52 165 -125
53 56 125
53 157 125
53 54 -375
53 165 -125
54 56 250
54 157 250
54 165 -125
55 60 625
55 63 -625
55 68 625
55 143 625
55 93 625
55 80 -125
55 71 -750
55 65 -1375
55 61 -2000
55 57 -2625
55 165 -7375
56 157 -125
56 97 -125
56 92 375
56 165 375
57 60 500
57 63 -500
57 68 500
57 143 500
57 93 500
57 80 -125
57 71 -625
57 65 -1125
57 61 -1625
57 165 -6000
58 165 249.5
59 66 -125
59 60 375
59 157 -125
59 64 375
59 92 375
59 103 375
59 105 125
59 106 250
59 143 375
59 145 -125
59 146 -250
59 147 -375
59 165 625
60 66 125
60 63 375
60 68 -125
60 143 -125
60 93 -125
60 71 125
60 65 250
60 61 375
60 165 999.5
61 63 -375
61 68 375
61 143 375
61 93 375
61 80 -125
61 71 -500
61 65 -875
61 165 -4625
62 78 -250
62 165 -625
63 64 375
63 68 375
63 143 375
63 93 375
63 71 -125
63 65 -250
63 122 -125
64 122 125
64 92 -125
64 143 -125
64 145 125
64 146 250
64 147 375
64 165 124.5
65 68 250
65 143 250
65 93 250
65 80 -125
65 71 -375
65 165 -3250
66 165 -125
67 81 -125
67 68 375
67 69 -125
67 70 -125
67 73 125
67 74 250
67 75 375
67 76 500
67 77 625
67 164 375
67 165 1625
68 81 375
68 69 375
68 70 375
68 73 -125
68 74 -250
68 75 -375
68 76 -500
68 77 -625
68 143 -125
68 153 -125
68 155 125
68 156 250
68 93 -125
68 71 125
68 165 -1250.5
69 81 -125
69 70 -125
69 73 125
69 74 250
69 75 375
69 76 500
69 77 625
69 79 375
69 165 1625
70 81 -250
70 73 125
70 74 250
70 75 375
70 76 500
70 77 625
70 86 375
70 88 125
70 89 250
70 90 375
70 91 500
70 138 375
70 139 375
70 141 -125
70 142 -250
70 165 2500
71 143 125
71 93 125
71 80 -125
71 165 -1875
72 73 -125
72 74 -125
72 75 -125
72 76 -125
72 77 -125
72 165 -500
73 81 125
73 74 -375
73 75 -500
73 76 -625
73 77 -750
73 165 -1625
74 81 250
74 75 -875
74 76 -1125
74 77 -1375
74 165 -2750
75 81 375
75 76 -1625
75 77 -2000
75 165 -3875
76 81 500
76 77 -2625
76 165 -5000
77 81 625
77 165 -6125
78 79 375
78 94 -125
78 165 375
79 94 125
79 165 -125.5
80 165 -500
81 91 500
81 86 375
81 88 125
81 89 250
81 90 375
81 165 2250
82 84 -125
82 85 -250
82 165 -500.5
83 84 -125
83 85 -125
83 165 -125
84 85 -375
84 165 -125
85 165 -125
86 88 -125
86 89 -250
86 90 -375
86 91 -500
86 165 -1625.5
87 88 -125
87 89 -125
87 90 -125
87 91 -125
87 165 -375
88 89 -375
88 90 -500
88 91 -625
88 165 -1000
89 90 -875
89 91 -1125
89 165 -1625
90 91 -1625
90 165 -2250
91 165 -2875
92 97 125
92 143 -125
92 145 125
92 146 250
92 147 375
92 165 275
93 143 -125
93 165 1125
94 165 -125
95 96 375
95 108 -125
95 99 125
95 100 250
95 101 375
95 102 500
95 134 375
95 136 -125
95 137 -250
95 165 1125
96 108 375
96 99 -125
96 100 -250
96 101 -375
96 102 -500
96 165 -1625.5
97 165 -125
98 99 -125
98 100 -125
98 101 -125
98 102 -125
98 165 -375
99 108 125
99 100 -375
99 101 -500
99 102 -625
99 165 -1000
100 108 250
100 101 -875
100 102 -1125
100 165 -1625
101 108 375
101 102 -1625
101 165 -2250
102 108 500
102 165 -2875
103 157 375
103 105 -125
103 106 -250
103 165 -500.5
104 105 -125
104 106 -125
104 165 -125
105 157 125
105 106 -375
105 165 -125
106 157 250
106 165 -125
107 158 -125
107 123 125
107 120 250
108 165 875
109 125 -125
109 165 125
110 133 -375
110 132 -250
110 128 375
110 129 375
110 131 -125
110 165 249.5
111 165 -125
112 113 -125
112 124 125
112 127 250
113 124 125
113 127 250
114 115 -125
114 117 125
114 118 250
115 117 125
115 118 250
115 160 -125
115 162 125
115 163 250
116 117 -125
116 118 -125
116 165 -125
117 118 -375
117 165 -375
118 165 -625
119 165 -125
120 158 250
120 126 -125
120 123 -375
120 165 -625
121 124 -125
121 127 -125
121 165 -125
122 165 -125
123 158 125
123 126 -125
123 165 -375
124 127 -375
124 165 -375
125 159 -125
125 165 -250
126 165 -125
127 165 -625
128 129 -125
128 131 125
128 132 250
128 133 375
128 165 250
129 131 125
129 132 250
129 133 375
129 165 250
130 131 -125
130 132 -125
130 133 -125
130 165 -250
131 132 -375
131 133 -500
131 165 -750
132 133 -875
132 165 -1250
133 165 -1750
134 136 125
134 137 250
135 136 -125
135 137 -125
135 165 -125
136 137 -375
136 165 -375
137 165 -625
138 139 -125
138 141 125
138 142 250
139 141 125
139 142 250
140 141 -125
140 142 -125
140 165 -125
141 142 -375
141 165 -375
142 165 -625
143 145 125
143 146 250
143 147 375
143 165 1375
144 145 -125
144 146 -125
144 147 -125
144 165 -250
145 146 -375
145 147 -500
145 165 -750
146 147 -875
146 165 -1250
147 165 -1750
148 152 250
148 149 -125
148 151 125
149 152 250
149 151 125
150 151 -125
150 152 -125
150 165 -125
151 152 -375
151 165 -375
152 165 -625
153 155 125
153 156 250
154 155 -125
154 156 -125
154 165 -125
155 156 -375
155 165 -375
156 165 -625
157 165 750
159 165 125
160 162 125
160 163 250
161 162 -125
161 163 -125
161 165 -125
162 163 -375
162 165 -375
163 165 -625
