598 2661
0 1 375
0 2 -125
0 3 -125
0 5 125
0 6 250
0 7 375
0 90 375
0 497 375
0 499 -125
0 500 -250
0 597 750
1 2 375
1 3 375
1 5 -125
1 6 -250
1 7 -375
1 230 375
1 249 375
1 430 -125
1 432 125
1 433 250
1 560 -125
1 562 125
1 563 250
1 597 -1000.5
2 3 -125
2 5 125
2 6 250
2 7 375
2 314 375
2 348 375
2 517 375
2 551 -125
2 552 -250
2 553 -375
2 597 750
3 5 125
3 6 250
3 7 375
3 276 375
3 395 375
3 428 -125
3 429 -250
3 597 750
4 5 -125
4 6 -125
4 7 -125
4 597 -250
5 6 -375
5 7 -500
5 597 -500
6 7 -875
6 597 -750
7 597 -1000
8 238 -250
8 286 250
8 505 250
8 14 -125
8 10 -375
8 597 -625
9 45 125
9 271 -125
9 496 125
9 512 125
9 386 -125
9 237 -375
9 590 -500
9 597 -750
10 238 -125
10 286 125
10 505 125
10 14 -125
10 597 -375
11 378 -125
11 581 375
11 244 -125
11 294 375
11 296 125
11 297 250
11 597 374.5
12 13 375
12 487 -125
12 90 375
12 554 375
12 556 -125
12 557 -250
12 597 375
13 487 125
13 218 375
13 372 -125
13 527 125
13 528 250
13 597 -125.5
14 597 -125
15 173 125
15 375 -125
15 597 125
16 17 375
16 18 -125
16 19 -125
16 544 -125
16 89 -125
16 23 125
16 24 250
16 25 375
16 26 500
16 27 625
16 211 375
16 364 375
16 365 375
16 366 375
16 368 -125
16 369 -250
16 370 -375
16 371 -500
16 597 1500
17 18 375
17 19 375
17 544 375
17 89 375
17 23 -125
17 24 -250
17 25 -375
17 26 -500
17 27 -625
17 110 375
17 216 375
17 364 -125
17 450 125
17 451 250
17 83 -125
17 424 125
17 489 250
17 597 -2375.5
18 19 -125
18 544 -125
18 89 -125
18 23 125
18 24 250
18 25 375
18 26 500
18 27 625
18 211 375
18 212 -125
18 214 125
18 215 250
18 375 375
18 274 -125
18 597 1750
19 559 125
19 89 -125
19 23 125
19 24 250
19 25 375
19 26 500
19 27 625
19 544 -250
19 52 -125
19 216 -125
19 217 375
19 218 -125
19 219 -125
19 221 125
19 222 250
19 223 375
19 224 500
19 225 625
19 226 750
19 227 875
19 403 375
19 47 -125
19 597 4250
20 45 250
20 306 -250
20 380 250
20 38 -125
20 21 -375
20 597 -625
21 45 125
21 306 -125
21 380 125
21 38 -125
21 597 -375
22 23 -125
22 24 -125
22 25 -125
22 26 -125
22 27 -125
22 597 -500
23 544 125
23 89 125
23 24 -375
23 25 -500
23 26 -625
23 27 -750
23 597 -1625
24 544 250
24 89 250
24 25 -875
24 26 -1125
24 27 -1375
24 597 -2750
25 544 375
25 89 375
25 26 -1625
25 27 -2000
25 597 -3875
26 544 500
26 89 500
26 27 -2625
26 597 -5000
27 544 625
27 89 625
27 597 -6125
28 29 375
28 30 -125
28 31 -125
28 33 125
28 34 250
28 35 375
28 54 -125
28 340 375
28 342 125
28 343 250
28 430 375
28 513 375
28 273 -125
28 235 -250
28 597 1000
29 30 375
29 31 375
29 33 -125
29 34 -250
29 35 -375
29 597 -1000.5
30 31 -125
30 33 125
30 34 250
30 35 375
30 340 375
30 473 375
30 535 375
30 537 -125
30 538 -250
30 539 -375
30 597 750
31 33 125
31 34 250
31 35 375
31 124 -125
31 109 375
31 110 -125
31 112 125
31 113 250
31 114 375
31 403 375
31 404 375
31 406 -125
31 407 -250
31 597 1250
32 33 -125
32 34 -125
32 35 -125
32 597 -250
33 34 -375
33 35 -500
33 597 -500
34 35 -875
34 597 -750
35 597 -1000
36 37 375
36 47 -125
36 39 -125
36 41 125
36 42 250
36 43 375
36 217 375
36 430 375
36 502 -125
36 503 -250
36 597 750
37 47 375
37 39 375
37 41 -125
37 42 -250
37 43 -375
37 265 375
37 586 -125
37 588 125
37 589 250
37 597 -850
38 597 -125
39 467 125
39 41 125
39 42 250
39 43 375
39 52 -125
39 53 375
39 54 -125
39 56 125
39 57 250
39 58 375
39 422 375
39 47 -125
39 597 1125
40 41 -125
40 42 -125
40 43 -125
40 597 -250
41 47 125
41 42 -375
41 43 -500
41 597 -500
42 47 250
42 43 -875
42 597 -750
43 47 375
43 597 -1000
44 45 375
44 387 125
44 49 -125
44 253 -125
44 307 375
44 308 -125
44 310 125
44 311 250
44 312 375
44 313 500
44 375 375
44 465 -125
44 597 1125
45 306 375
45 255 375
45 271 375
45 49 125
45 308 375
45 364 -125
45 380 -125
45 434 -125
45 435 -125
45 436 -125
45 437 -125
45 438 -125
45 439 -125
45 441 125
45 442 250
45 443 375
45 444 500
45 445 625
45 446 750
45 447 875
45 448 1000
45 468 -125
45 470 125
45 471 250
45 496 -125
45 512 -125
45 237 250
45 590 375
45 597 3650
46 251 -500
46 307 500
46 364 500
46 504 500
46 73 500
46 69 -125
46 67 -625
46 50 -1125
46 48 -1625
46 597 -3875
47 544 -125
47 227 875
47 52 -125
47 216 -125
47 217 375
47 218 -125
47 219 -125
47 221 125
47 222 250
47 223 375
47 224 500
47 225 625
47 226 750
47 597 3250
48 251 -375
48 307 375
48 364 375
48 504 375
48 73 375
48 69 -125
48 67 -500
48 50 -875
48 597 -3000
49 597 -125
50 251 -250
50 307 250
50 364 250
50 504 250
50 73 250
50 69 -125
50 67 -375
50 597 -2125
51 462 -250
51 461 -125
51 277 375
51 459 375
51 597 400
52 585 125
52 544 -125
52 53 375
52 54 -125
52 56 125
52 57 250
52 58 375
52 216 -125
52 217 375
52 218 -125
52 219 -125
52 221 125
52 222 250
52 223 375
52 224 500
52 225 625
52 226 750
52 227 875
52 581 375
52 597 3375
53 54 375
53 56 -125
53 57 -250
53 58 -375
53 125 375
53 127 375
53 399 -125
53 401 125
53 402 250
53 490 -125
53 530 125
53 531 250
53 597 -850
54 56 125
54 57 250
54 58 375
54 340 375
54 342 125
54 343 250
54 422 375
54 546 125
54 597 875
55 56 -125
55 57 -125
55 58 -125
55 597 -250
56 57 -375
56 58 -500
56 597 -500
57 58 -875
57 597 -750
58 597 -1000
59 60 375
59 61 -125
59 62 -125
59 64 125
59 65 250
59 66 375
59 139 -125
59 140 375
59 155 -125
59 143 125
59 144 250
59 145 375
59 355 375
59 356 375
59 358 -125
59 359 -250
59 597 1250
60 61 375
60 62 375
60 64 -125
60 65 -250
60 66 -375
60 597 -1000.5
61 62 -250
61 64 125
61 65 250
61 66 375
61 146 -125
61 327 375
61 329 125
61 330 250
61 331 375
61 430 375
61 513 375
61 515 -125
61 516 -250
61 597 1250
62 64 125
62 65 250
62 66 375
62 146 -125
62 327 375
62 329 125
62 330 250
62 331 375
62 472 375
62 473 375
62 475 -125
62 476 -250
62 597 1250
63 64 -125
63 65 -125
63 66 -125
63 597 -250
64 65 -375
64 66 -500
64 597 -500
65 66 -875
65 597 -750
66 597 -1000
67 251 -125
67 307 125
67 364 125
67 504 125
67 73 125
67 69 -125
67 597 -1250
68 93 375
68 250 -125
68 81 125
68 82 250
69 597 -375
70 596 -250
70 595 -125
70 465 -125
70 207 375
70 209 125
70 210 250
70 592 375
70 593 375
70 597 499.5
71 72 375
71 78 -125
71 190 375
71 388 375
71 390 -125
71 391 -250
71 597 375
72 78 125
72 135 375
72 577 -125
72 579 125
72 580 250
72 597 25
73 251 375
73 307 -125
73 364 -125
73 504 -125
73 597 625
74 81 -125
74 82 -125
74 597 -125
75 76 375
75 379 125
75 289 375
75 290 -125
75 292 125
75 293 250
75 375 375
75 423 -125
75 597 500
76 423 125
76 95 375
76 290 375
76 364 -125
76 395 -125
76 420 125
76 421 250
76 584 -125
76 558 125
76 545 250
76 511 375
76 597 124.5
77 90 375
77 263 -375
77 430 375
77 79 375
77 80 -125
77 162 -500
77 177 -875
77 597 -1750
78 597 -125
79 90 -125
79 263 375
79 430 -125
79 162 125
79 177 250
79 597 250
80 162 -125
80 177 -125
80 597 -250
81 93 -125
81 250 125
81 82 -375
81 597 -375
82 93 -250
82 250 250
82 597 -625
83 110 375
83 139 375
83 307 -125
83 172 125
83 176 250
83 424 125
83 489 250
84 385 375
84 85 375
84 87 -125
84 88 -250
84 189 375
84 360 -125
84 362 125
84 363 250
84 597 -500.5
85 385 -125
85 87 125
85 88 250
85 570 375
85 571 375
85 572 375
85 574 -125
85 575 -250
85 576 -375
85 597 500
86 87 -125
86 88 -125
86 597 -125
87 385 125
87 88 -375
87 597 -125
88 385 250
88 597 -125
89 544 -125
89 597 1375
90 186 375
90 199 375
90 92 375
90 93 375
90 94 375
90 95 375
90 97 -125
90 98 -250
90 99 -375
90 100 -500
90 101 -625
90 102 -750
90 263 375
90 430 -125
90 497 -125
90 499 125
90 500 250
90 554 -125
90 556 125
90 557 250
90 162 125
90 177 250
90 597 -3000.5
91 146 -250
91 422 250
91 188 250
91 123 -125
91 108 -375
91 597 -625
92 186 -125
92 199 -125
92 93 -125
92 94 -125
92 95 -125
92 97 125
92 98 250
92 99 375
92 100 500
92 101 625
92 102 750
92 289 375
92 364 375
92 504 375
92 505 375
92 507 -125
92 508 -250
92 509 -375
92 510 -500
92 597 2125
93 186 -125
93 199 -125
93 94 -125
93 95 -125
93 97 125
93 98 250
93 99 375
93 100 500
93 101 625
93 102 750
93 250 375
93 597 2250
94 186 -125
94 199 -125
94 95 -125
94 97 125
94 98 250
94 99 375
94 100 500
94 101 625
94 102 750
94 336 375
94 348 375
94 350 -125
94 351 -250
94 597 2250
95 186 -125
95 199 -125
95 97 125
95 98 250
95 99 375
95 100 500
95 101 625
95 102 750
95 395 375
95 420 -125
95 421 -250
95 597 2250
96 97 -125
96 98 -125
96 99 -125
96 100 -125
96 101 -125
96 102 -125
96 597 -625
97 186 125
97 199 125
97 98 -375
97 99 -500
97 100 -625
97 101 -750
97 102 -875
97 597 -2375
98 186 250
98 199 250
98 99 -875
98 100 -1125
98 101 -1375
98 102 -1625
98 597 -4125
99 186 375
99 199 375
99 100 -1625
99 101 -2000
99 102 -2375
99 597 -5875
100 186 500
100 199 500
100 101 -2625
100 102 -3125
100 597 -7625
101 186 625
101 199 625
101 102 -3875
101 597 -9375
102 186 750
102 199 750
102 597 -11125
103 199 -125
103 104 375
103 106 125
103 107 250
103 294 375
103 540 375
103 542 -125
103 543 -250
103 597 500
104 199 375
104 106 -125
104 107 -250
104 597 -350
105 106 -125
105 107 -125
105 597 -125
106 199 125
106 107 -375
106 597 -125
107 199 250
107 597 -125
108 146 -125
108 422 125
108 188 125
108 123 -125
108 597 -375
109 124 375
109 110 375
109 112 -125
109 113 -250
109 114 -375
109 597 -850
110 124 -125
110 112 125
110 113 250
110 114 375
110 424 -125
110 489 -250
110 597 750
111 112 -125
111 113 -125
111 114 -125
111 597 -250
112 124 125
112 113 -375
112 114 -500
112 597 -500
113 124 250
113 114 -875
113 597 -750
114 124 375
114 597 -1000
115 116 375
115 117 -125
115 119 125
115 120 250
115 340 375
115 586 375
115 158 -125
115 156 -250
115 597 500
116 117 375
116 119 -125
116 120 -250
116 597 -350
117 119 125
117 120 250
117 266 -125
117 336 375
117 338 125
117 339 250
117 422 375
117 188 375
117 205 -125
117 285 -250
117 597 750
118 119 -125
118 120 -125
118 597 -125
119 120 -375
119 597 -125
120 597 -125
121 122 375
121 377 125
121 372 375
121 134 -125
121 597 250
122 134 125
122 344 375
122 355 -125
122 533 125
122 534 250
122 597 -125.5
123 597 -125
124 334 -125
124 375 375
124 597 775
125 126 375
125 127 -125
125 129 125
125 130 250
125 399 375
125 401 -125
125 402 -250
125 597 500
126 127 375
126 129 -125
126 130 -250
126 193 375
126 195 375
126 399 -125
126 490 -125
126 353 125
126 346 250
126 305 125
126 303 250
126 597 -350
127 129 125
127 130 250
127 490 375
127 530 -125
127 531 -250
127 597 500
128 129 -125
128 130 -125
128 597 -125
129 130 -375
129 597 -125
130 597 -125
131 132 375
131 138 -125
131 136 375
131 236 375
131 206 -125
131 204 -250
131 597 375
132 138 125
132 323 375
132 287 -125
132 281 125
132 279 250
132 597 -125.5
133 147 250
133 316 -250
133 154 250
133 141 -125
133 137 -375
133 597 -625
134 597 -125
135 136 375
135 283 -125
135 577 375
135 579 -125
135 580 -250
135 597 375
136 283 125
136 236 -125
136 206 125
136 204 250
136 597 -125.5
137 147 125
137 316 -125
137 154 125
137 141 -125
137 597 -375
138 597 -125
139 140 375
139 155 -125
139 143 125
139 144 250
139 145 375
139 307 375
139 172 -125
139 176 -250
139 597 750
140 155 375
140 143 -125
140 144 -250
140 145 -375
140 597 -850
141 597 -125
142 143 -125
142 144 -125
142 145 -125
142 597 -250
143 155 125
143 144 -375
143 145 -500
143 597 -500
144 155 250
144 145 -875
144 597 -750
145 155 375
145 597 -1000
146 147 375
146 148 -125
146 150 125
146 151 250
146 327 375
146 329 125
146 330 250
146 331 375
146 422 375
146 188 375
146 597 1000
147 148 375
147 150 -125
147 151 -250
147 252 375
147 316 375
147 348 -125
147 517 -125
147 519 125
147 520 250
147 521 375
147 154 -125
147 597 -250.5
148 150 125
148 151 250
148 298 -125
148 299 375
148 301 125
148 302 250
148 422 375
148 483 375
148 485 -125
148 486 -250
148 597 750
149 150 -125
149 151 -125
149 597 -125
150 151 -375
150 597 -125
151 597 -125
152 153 375
152 352 -125
152 203 375
152 411 375
152 413 -125
152 414 -250
152 597 375
153 282 375
153 352 125
153 288 -125
153 347 125
153 374 250
153 597 25
154 316 375
155 464 125
155 375 375
155 597 775
156 340 250
156 586 250
156 163 -125
156 158 -375
156 597 -625
157 164 375
157 494 375
157 160 -125
157 161 -250
157 597 -500.5
158 340 125
158 586 125
158 163 -125
158 597 -375
159 160 -125
159 161 -125
159 597 -125
160 164 125
160 494 125
160 161 -375
160 597 -125
161 164 250
161 494 250
161 597 -125
162 263 -125
162 430 125
162 177 -375
162 597 -750
163 597 -125
164 494 -125
164 169 250
164 165 -125
164 166 375
164 168 125
164 597 500
165 166 375
165 168 125
165 169 250
165 324 375
165 455 375
165 457 -125
165 458 -250
165 597 500
166 168 -125
166 169 -250
166 597 -350
167 168 -125
167 169 -125
167 597 -125
168 169 -375
168 597 -125
169 597 -125
170 172 -125
170 176 -125
170 597 -125
171 315 -250
171 336 250
171 490 250
171 178 -125
171 175 -375
171 597 -625
172 307 125
172 176 -375
172 597 -375
173 174 375
173 286 375
173 179 -125
173 375 375
173 304 -125
173 597 375
174 179 125
174 240 375
174 395 -125
174 397 125
174 398 250
174 597 25
175 315 -125
175 336 125
175 490 125
175 178 -125
175 597 -375
176 307 250
176 597 -625
177 263 -250
177 430 250
177 597 -1250
178 597 -125
179 597 -125
180 181 375
180 182 -125
180 184 125
180 185 250
180 314 375
180 490 375
180 492 -125
180 493 -250
180 597 500
181 182 375
181 184 -125
181 185 -250
181 202 375
181 415 -125
181 417 125
181 418 250
181 597 -350
182 184 125
182 185 250
182 314 375
182 399 375
182 191 -125
182 187 -250
182 597 500
183 184 -125
183 185 -125
183 597 -125
184 185 -375
184 597 -125
185 597 -125
186 199 -125
186 569 -375
186 217 375
186 564 375
186 565 375
186 567 -125
186 568 -250
186 597 2249.5
187 314 250
187 399 250
187 200 -125
187 191 -375
187 597 -625
188 422 -250
188 205 125
188 285 250
189 190 375
189 201 -125
189 360 375
189 362 -125
189 363 -250
189 597 375
190 201 125
190 388 -125
190 390 125
190 391 250
190 597 25
191 314 125
191 399 125
191 200 -125
191 597 -375
192 205 -125
192 285 -125
192 597 -125
193 194 375
193 195 -125
193 197 125
193 198 250
193 399 375
193 353 -125
193 346 -250
193 597 500
194 195 375
194 197 -125
194 198 -250
194 597 -350
195 197 125
195 198 250
195 490 375
195 305 -125
195 303 -250
195 597 500
196 197 -125
196 198 -125
196 597 -125
197 198 -375
197 597 -125
198 597 -125
199 597 2250
200 597 -125
201 597 -125
202 203 375
202 408 -125
202 415 375
202 417 -125
202 418 -250
202 597 375
203 408 125
203 411 -125
203 413 125
203 414 250
203 597 25
204 236 250
204 234 -125
204 206 -375
204 597 -625
205 422 125
205 285 -375
205 597 -375
206 236 125
206 234 -125
206 597 -375
207 465 375
207 209 -125
207 210 -250
207 597 -350
208 209 -125
208 210 -125
208 597 -125
209 465 125
209 210 -375
209 597 -125
210 465 250
210 597 -125
211 212 375
211 214 -125
211 215 -250
211 219 375
211 364 -125
211 365 -250
211 366 -125
211 368 125
211 369 250
211 370 375
211 371 500
211 468 -125
211 523 125
211 524 250
211 525 375
211 597 374.5
212 214 125
212 215 250
212 380 375
212 381 375
212 383 -125
212 384 -250
212 597 500
213 214 -125
213 215 -125
213 597 -125
214 215 -375
214 597 -125
215 597 -125
216 544 -125
216 217 375
216 218 -125
216 219 -125
216 221 125
216 222 250
216 223 375
216 224 500
216 225 625
216 226 750
216 227 875
216 364 375
216 450 -125
216 451 -250
216 597 3000
217 544 375
217 218 375
217 219 375
217 221 -125
217 222 -250
217 223 -375
217 224 -500
217 225 -625
217 226 -750
217 227 -875
217 430 -125
217 502 125
217 503 250
217 564 -125
217 565 -125
217 567 125
217 568 250
217 569 375
217 597 -4000.5
218 544 -125
218 219 -125
218 221 125
218 222 250
218 223 375
218 224 500
218 225 625
218 226 750
218 227 875
218 372 375
218 527 -125
218 528 -250
218 597 3000
219 544 -125
219 221 125
219 222 250
219 223 375
219 224 500
219 225 625
219 226 750
219 227 875
219 365 375
219 468 375
219 523 -125
219 524 -250
219 525 -375
219 597 3000
220 221 -125
220 222 -125
220 223 -125
220 224 -125
220 225 -125
220 226 -125
220 227 -125
220 597 -750
221 544 125
221 222 -375
221 223 -500
221 224 -625
221 225 -750
221 226 -875
221 227 -1000
221 597 -3250
222 544 250
222 223 -875
222 224 -1125
222 225 -1375
222 226 -1625
222 227 -1875
222 597 -5750
223 544 375
223 224 -1625
223 225 -2000
223 226 -2375
223 227 -2750
223 597 -8250
224 544 500
224 225 -2625
224 226 -3125
224 227 -3625
224 597 -10750
225 544 625
225 226 -3875
225 227 -4500
225 597 -13250
226 544 750
226 227 -5375
226 597 -15750
227 544 875
227 597 -18250
228 229 375
228 230 -125
228 232 125
228 233 250
228 314 375
228 315 -125
228 316 -125
228 317 -125
228 319 125
228 320 250
228 321 375
228 322 500
228 422 375
228 376 125
228 597 1250
229 230 375
229 232 -125
229 233 -250
229 597 -350
230 232 125
230 233 250
230 430 375
230 432 -125
230 433 -250
230 597 500
231 232 -125
231 233 -125
231 597 -125
232 233 -375
232 597 -125
233 597 -125
234 597 -125
235 430 250
235 513 250
235 332 -125
235 273 -375
235 597 -625
237 271 -250
237 496 250
237 512 250
237 386 -125
237 590 -875
237 597 -1250
238 239 375
238 240 -125
238 242 125
238 243 250
238 286 375
238 505 375
238 597 500
239 240 375
239 242 -125
239 243 -250
239 597 -350
240 242 125
240 243 250
240 395 375
240 397 -125
240 398 -250
240 597 500
241 242 -125
241 243 -125
241 597 -125
242 243 -375
242 597 -125
243 597 -125
244 409 125
244 245 375
244 247 125
244 248 250
244 294 375
244 296 125
244 297 250
244 372 375
244 494 -125
244 597 625
245 494 375
245 247 -125
245 248 -250
245 597 -500.5
246 247 -125
246 248 -125
246 597 -125
247 494 125
247 248 -375
247 597 -125
248 494 250
248 597 -125
249 250 375
249 251 -125
249 252 -125
249 253 -125
249 254 -125
249 255 -125
249 257 125
249 258 250
249 259 375
249 260 500
249 261 625
249 262 750
249 560 375
249 562 -125
249 563 -250
249 597 2250
250 251 375
250 252 375
250 253 375
250 254 375
250 255 375
250 257 -125
250 258 -250
250 259 -375
250 260 -500
250 261 -625
250 262 -750
250 298 375
250 430 -125
250 548 125
250 549 250
250 597 -3100
251 252 -125
251 253 -125
251 254 -125
251 255 -125
251 257 125
251 258 250
251 259 375
251 260 500
251 261 625
251 262 750
251 307 375
251 364 375
251 504 375
251 597 2125
252 253 -125
252 254 -125
252 255 -125
252 257 125
252 258 250
252 259 375
252 260 500
252 261 625
252 262 750
252 348 375
252 517 375
252 519 -125
252 520 -250
252 521 -375
252 597 2250
253 591 125
253 254 -125
253 255 -125
253 257 125
253 258 250
253 259 375
253 260 500
253 261 625
253 262 750
253 307 375
253 308 -125
253 310 125
253 311 250
253 312 375
253 313 500
253 355 375
253 465 -125
253 597 3000
254 255 -125
254 257 125
254 258 250
254 259 375
254 260 500
254 261 625
254 262 750
254 272 375
254 477 375
254 478 375
254 480 -125
254 481 -250
254 482 -375
254 597 2250
255 257 125
255 258 250
255 259 375
255 260 500
255 261 625
255 262 750
255 468 375
255 470 -125
255 471 -250
255 597 2250
256 257 -125
256 258 -125
256 259 -125
256 260 -125
256 261 -125
256 262 -125
256 597 -625
257 258 -375
257 259 -500
257 260 -625
257 261 -750
257 262 -875
257 597 -2375
258 259 -875
258 260 -1125
258 261 -1375
258 262 -1625
258 597 -4125
259 260 -1625
259 261 -2000
259 262 -2375
259 597 -5875
260 261 -2625
260 262 -3125
260 597 -7625
261 262 -3875
261 597 -9375
262 597 -11125
263 264 375
263 265 -125
263 266 -125
263 268 125
263 269 250
263 270 375
263 430 375
263 597 750
264 265 375
264 266 375
264 268 -125
264 269 -250
264 270 -375
264 597 -850
265 266 -125
265 268 125
265 269 250
265 270 375
265 586 375
265 588 -125
265 589 -250
265 597 750
266 268 125
266 269 250
266 270 375
266 336 375
266 338 125
266 339 250
266 422 375
266 426 125
266 597 875
267 268 -125
267 269 -125
267 270 -125
267 597 -250
268 269 -375
268 270 -500
268 597 -500
269 270 -875
269 597 -750
270 597 -1000
271 272 375
271 278 -125
271 496 375
271 512 375
271 590 -375
271 597 375
272 278 125
272 477 -125
272 478 -125
272 480 125
272 481 250
272 482 375
272 597 275
273 430 125
273 513 125
273 332 -125
273 597 -375
274 375 125
274 597 -125
275 276 375
275 583 125
275 380 375
275 280 -125
275 597 250
276 280 125
276 395 -125
276 428 125
276 429 250
276 597 -125.5
277 462 250
277 461 125
277 459 -125
277 597 -0.5
278 597 -125
279 323 -250
279 287 250
279 284 -125
279 281 -375
279 597 -625
280 597 -125
281 323 -125
281 287 125
281 284 -125
281 597 -375
282 374 -250
282 347 -125
282 288 375
282 597 400
283 597 -125
284 597 -125
285 422 250
285 597 -625
286 304 125
286 505 -125
286 597 25
287 323 375
288 374 250
288 347 125
289 290 375
289 292 -125
289 293 -250
289 364 -125
289 504 -125
289 505 -125
289 507 125
289 508 250
289 509 375
289 510 500
289 597 124.5
290 292 125
290 293 250
290 364 375
290 584 375
290 558 -125
290 545 -250
290 511 -375
290 597 500
291 292 -125
291 293 -125
291 597 -125
292 293 -375
292 597 -125
293 597 -125
294 296 -125
294 297 -250
294 540 -125
294 542 125
294 543 250
294 597 -500.5
295 296 -125
295 297 -125
295 597 -125
296 297 -375
296 597 -125
297 597 -125
298 299 375
298 301 125
298 302 250
298 430 375
298 548 -125
298 549 -250
298 597 500
299 301 -125
299 302 -250
299 597 -350
300 301 -125
300 302 -125
300 597 -125
301 302 -375
301 597 -125
302 597 -125
303 490 250
303 325 -125
303 305 -375
303 597 -625
304 597 -125
305 490 125
305 325 -125
305 597 -375
306 380 375
306 597 249.5
307 465 375
307 308 375
307 310 -125
307 311 -250
307 312 -375
307 313 -500
307 364 -125
307 504 -125
307 597 -1000.5
308 465 -125
308 310 125
308 311 250
308 312 375
308 313 500
308 364 375
308 434 375
308 435 375
308 436 375
308 437 375
308 438 375
308 439 375
308 441 -125
308 442 -250
308 443 -375
308 444 -500
308 445 -625
308 446 -750
308 447 -875
308 448 -1000
308 597 -750
309 310 -125
309 311 -125
309 312 -125
309 313 -125
309 597 -375
310 465 125
310 311 -375
310 312 -500
310 313 -625
310 597 -1000
311 465 250
311 312 -875
311 313 -1125
311 597 -1625
312 465 375
312 313 -1625
312 597 -2250
313 465 500
313 597 -2875
314 315 375
314 316 375
314 317 375
314 319 -125
314 320 -250
314 321 -375
314 322 -500
314 348 -125
314 399 -125
314 490 -125
314 492 125
314 493 250
314 517 -125
314 551 125
314 552 250
314 553 375
314 597 -1375.5
315 316 -125
315 317 -125
315 319 125
315 320 250
315 321 375
315 322 500
315 336 375
315 490 375
315 597 1125
316 317 -125
316 319 125
316 320 250
316 321 375
316 322 500
316 597 1125
317 319 125
317 320 250
317 321 375
317 322 500
317 336 375
317 399 375
317 453 -125
317 454 -250
317 597 1125
318 319 -125
318 320 -125
318 321 -125
318 322 -125
318 597 -375
319 320 -375
319 321 -500
319 322 -625
319 597 -1000
320 321 -875
320 322 -1125
320 597 -1625
321 322 -1625
321 597 -2250
322 597 -2875
323 324 375
323 333 -125
323 597 375
324 333 125
324 455 -125
324 457 125
324 458 250
324 597 -125.5
325 597 -125
326 347 -125
326 374 -125
326 597 -125
327 329 -125
327 330 -250
327 331 -375
327 597 -1000.5
328 329 -125
328 330 -125
328 331 -125
328 597 -250
329 330 -375
329 331 -500
329 597 -500
330 331 -875
330 597 -750
331 597 -1000
332 597 -125
333 597 -125
334 375 125
334 597 -125
335 394 -250
335 393 -125
335 345 375
335 375 375
335 597 400
336 338 -125
336 339 -250
336 348 -125
336 350 125
336 351 250
336 399 -125
336 453 125
336 454 250
336 490 -125
336 597 -350
337 338 -125
337 339 -125
337 597 -125
338 339 -375
338 597 -125
339 597 -125
340 342 -125
340 343 -250
340 473 -125
340 535 -125
340 537 125
340 538 250
340 539 375
340 586 -125
340 597 -250.5
341 342 -125
341 343 -125
341 597 -125
342 343 -375
342 597 -125
343 597 -125
344 345 375
344 354 -125
344 355 375
344 533 -125
344 534 -250
344 597 375
345 354 125
345 375 -125
345 393 125
345 394 250
345 597 25
346 399 250
346 373 -125
346 353 -375
346 597 -625
347 374 -375
347 597 -375
348 350 125
348 351 250
348 517 -250
348 519 125
348 520 250
348 521 375
348 551 125
348 552 250
348 553 375
348 597 500
349 350 -125
349 351 -125
349 597 -125
350 351 -375
350 597 -375
351 597 -625
352 597 -125
353 399 125
353 373 -125
353 597 -375
354 597 -125
355 356 -125
355 358 125
355 359 250
355 533 125
355 534 250
355 591 -125
355 597 -125
356 358 125
356 359 250
357 358 -125
357 359 -125
357 597 -125
358 359 -375
358 597 -375
359 597 -625
360 362 125
360 363 250
361 362 -125
361 363 -125
361 597 -125
362 363 -375
362 597 -375
363 597 -625
364 365 -125
364 366 -125
364 368 125
364 369 250
364 370 375
364 371 500
364 434 -125
364 435 -125
364 436 -125
364 437 -125
364 438 -125
364 439 -125
364 441 125
364 442 250
364 443 375
364 444 500
364 445 625
364 446 750
364 447 875
364 448 1000
364 450 125
364 451 250
364 504 -250
364 505 -125
364 507 125
364 508 250
364 509 375
364 510 500
364 584 -125
364 558 125
364 545 250
364 511 375
364 597 5500
365 366 -125
365 368 125
365 369 250
365 370 375
365 371 500
365 468 -125
365 523 125
365 524 250
365 525 375
365 597 875
366 368 125
366 369 250
366 370 375
366 371 500
366 597 625
367 368 -125
367 369 -125
367 370 -125
367 371 -125
367 597 -375
368 369 -375
368 370 -500
368 371 -625
368 597 -1250
369 370 -875
369 371 -1125
369 597 -2125
370 371 -1625
370 597 -3000
371 597 -3875
372 409 -125
372 527 125
372 528 250
372 377 -125
372 597 -250
373 597 -125
374 597 -625
375 379 -125
375 393 125
375 394 250
375 387 -125
375 464 -125
375 597 -750
376 422 -125
376 597 125
377 597 125
378 581 125
378 597 -125
379 597 125
380 583 -125
380 381 -125
380 383 125
380 384 250
380 597 -125
381 383 125
381 384 250
382 383 -125
382 384 -125
382 597 -125
383 384 -375
383 597 -375
384 597 -625
385 425 -250
385 463 -125
385 495 375
385 488 375
385 597 650
386 590 -125
386 597 -250
387 597 125
388 390 125
388 391 250
389 390 -125
389 391 -125
389 597 -125
390 391 -375
390 597 -375
391 597 -625
392 393 -125
392 394 -125
392 597 -125
393 394 -375
393 597 -375
394 597 -625
395 397 125
395 398 250
395 420 125
395 421 250
395 428 125
395 429 250
396 397 -125
396 398 -125
396 597 -125
397 398 -375
397 597 -375
398 597 -625
399 401 125
399 402 250
399 453 125
399 454 250
400 401 -125
400 402 -125
400 597 -125
401 402 -375
401 597 -375
402 597 -625
403 404 -125
403 406 125
403 407 250
403 559 -125
403 597 -125
404 406 125
404 407 250
405 406 -125
405 407 -125
405 597 -125
406 407 -375
406 597 -375
407 597 -625
408 597 -125
409 597 125
410 424 -125
410 489 -125
410 597 -125
411 413 125
411 414 250
412 413 -125
412 414 -125
412 597 -125
413 414 -375
413 597 -375
414 597 -625
415 417 125
415 418 250
416 417 -125
416 418 -125
416 597 -125
417 418 -375
417 597 -375
418 597 -625
419 420 -125
419 421 -125
419 597 -125
420 421 -375
420 597 -375
421 597 -625
422 426 -125
422 483 -125
422 485 125
422 486 250
422 467 -125
422 546 -125
422 597 -500
423 597 -125
424 489 -375
424 597 -375
425 495 250
425 488 250
425 466 -125
425 463 -375
425 597 -625
426 597 125
427 428 -125
427 429 -125
427 597 -125
428 429 -375
428 597 -375
429 597 -625
430 432 125
430 433 250
430 502 125
430 503 250
430 513 -250
430 515 125
430 516 250
430 548 125
430 549 250
430 597 250
431 432 -125
431 433 -125
431 597 -125
432 433 -375
432 597 -375
433 597 -625
434 435 -125
434 436 -125
434 437 -125
434 438 -125
434 439 -125
434 441 125
434 442 250
434 443 375
434 444 500
434 445 625
434 446 750
434 447 875
434 448 1000
434 597 3375
435 436 -125
435 437 -125
435 438 -125
435 439 -125
435 441 125
435 442 250
435 443 375
435 444 500
435 445 625
435 446 750
435 447 875
435 448 1000
435 597 3375
436 437 -125
436 438 -125
436 439 -125
436 441 125
436 442 250
436 443 375
436 444 500
436 445 625
436 446 750
436 447 875
436 448 1000
436 597 3375
437 438 -125
437 439 -125
437 441 125
437 442 250
437 443 375
437 444 500
437 445 625
437 446 750
437 447 875
437 448 1000
437 597 3375
438 439 -125
438 441 125
438 442 250
438 443 375
438 444 500
438 445 625
438 446 750
438 447 875
438 448 1000
438 597 3375
439 441 125
439 442 250
439 443 375
439 444 500
439 445 625
439 446 750
439 447 875
439 448 1000
439 597 3375
440 441 -125
440 442 -125
440 443 -125
440 444 -125
440 445 -125
440 446 -125
440 447 -125
440 448 -125
440 597 -875
441 442 -375
441 443 -500
441 444 -625
441 445 -750
441 446 -875
441 447 -1000
441 448 -1125
441 597 -4500
442 443 -875
442 444 -1125
442 445 -1375
442 446 -1625
442 447 -1875
442 448 -2125
442 597 -8125
443 444 -1625
443 445 -2000
443 446 -2375
443 447 -2750
443 448 -3125
443 597 -11750
444 445 -2625
444 446 -3125
444 447 -3625
444 448 -4125
444 597 -15375
445 446 -3875
445 447 -4500
445 448 -5125
445 597 -19000
446 447 -5375
446 448 -6125
446 597 -22625
447 448 -7125
447 597 -26250
448 597 -29875
449 450 -125
449 451 -125
449 597 -125
450 451 -375
450 597 -375
451 597 -625
452 453 -125
452 454 -125
452 597 -125
453 454 -375
453 597 -375
454 597 -625
455 457 125
455 458 250
456 457 -125
456 458 -125
456 597 -125
457 458 -375
457 597 -375
458 597 -625
459 462 250
459 461 125
460 461 -125
460 462 -125
460 597 -125
461 462 -375
461 597 -375
462 597 -625
463 495 125
463 488 125
463 466 -125
463 597 -375
464 597 125
465 597 1125
466 597 -125
467 597 125
468 470 125
468 471 250
468 523 125
468 524 250
468 525 375
468 597 250
469 470 -125
469 471 -125
469 597 -125
470 471 -375
470 597 -375
471 597 -625
472 473 -125
472 475 125
472 476 250
473 475 125
473 476 250
473 535 -125
473 537 125
473 538 250
473 539 375
473 597 250
474 475 -125
474 476 -125
474 597 -125
475 476 -375
475 597 -375
476 597 -625
477 478 -125
477 480 125
477 481 250
477 482 375
477 597 250
478 480 125
478 481 250
478 482 375
478 597 250
479 480 -125
479 481 -125
479 482 -125
479 597 -250
480 481 -375
480 482 -500
480 597 -750
481 482 -875
481 597 -1250
482 597 -1750
483 485 125
483 486 250
484 485 -125
484 486 -125
484 597 -125
485 486 -375
485 597 -375
486 597 -625
487 597 -125
488 495 -125
489 597 -625
490 492 125
490 493 250
490 530 125
490 531 250
491 492 -125
491 493 -125
491 597 -125
492 493 -375
492 597 -375
493 597 -625
494 597 500
496 512 -125
496 590 375
496 597 250
497 499 125
497 500 250
498 499 -125
498 500 -125
498 597 -125
499 500 -375
499 597 -375
500 597 -625
501 502 -125
501 503 -125
501 597 -125
502 503 -375
502 597 -375
503 597 -625
504 505 -125
504 507 125
504 508 250
504 509 375
504 510 500
504 597 1250
505 507 125
505 508 250
505 509 375
505 510 500
505 597 625
506 507 -125
506 508 -125
506 509 -125
506 510 -125
506 597 -375
507 508 -375
507 509 -500
507 510 -625
507 597 -1250
508 509 -875
508 510 -1125
508 597 -2125
509 510 -1625
509 597 -3000
510 597 -3875
511 584 375
511 582 -125
511 558 -500
511 545 -875
511 597 -1750
512 590 375
512 597 250
513 515 125
513 516 250
514 515 -125
514 516 -125
514 597 -125
515 516 -375
515 597 -375
516 597 -625
517 519 125
517 520 250
517 521 375
517 551 125
517 552 250
517 553 375
517 597 500
518 519 -125
518 520 -125
518 521 -125
518 597 -250
519 520 -375
519 521 -500
519 597 -750
520 521 -875
520 597 -1250
521 597 -1750
522 523 -125
522 524 -125
522 525 -125
522 597 -250
523 524 -375
523 525 -500
523 597 -750
524 525 -875
524 597 -1250
525 597 -1750
526 527 -125
526 528 -125
526 597 -125
527 528 -375
527 597 -375
528 597 -625
529 530 -125
529 531 -125
529 597 -125
530 531 -375
530 597 -375
531 597 -625
532 533 -125
532 534 -125
532 597 -125
533 534 -375
533 597 -375
534 597 -625
535 537 125
535 538 250
535 539 375
535 597 250
536 537 -125
536 538 -125
536 539 -125
536 597 -250
537 538 -375
537 539 -500
537 597 -750
538 539 -875
538 597 -1250
539 597 -1750
540 542 125
540 543 250
541 542 -125
541 543 -125
541 597 -125
542 543 -375
542 597 -375
543 597 -625
544 597 4125
545 584 250
545 582 -125
545 558 -375
545 597 -1250
546 597 125
547 548 -125
547 549 -125
547 597 -125
548 549 -375
548 597 -375
549 597 -625
550 551 -125
550 552 -125
550 553 -125
550 597 -250
551 552 -375
551 553 -500
551 597 -750
552 553 -875
552 597 -1250
553 597 -1750
554 556 125
554 557 250
555 556 -125
555 557 -125
555 597 -125
556 557 -375
556 597 -375
557 597 -625
558 584 125
558 582 -125
558 597 -750
559 597 125
560 562 125
560 563 250
561 562 -125
561 563 -125
561 597 -125
562 563 -375
562 597 -375
563 597 -625
564 565 -125
564 567 125
564 568 250
564 569 375
564 597 250
565 567 125
565 568 250
565 569 375
565 597 250
566 567 -125
566 568 -125
566 569 -125
566 597 -250
567 568 -375
567 569 -500
567 597 -750
568 569 -875
568 597 -1250
569 597 -1750
570 571 -125
570 572 -125
570 574 125
570 575 250
570 576 375
570 597 250
571 572 -125
571 574 125
571 575 250
571 576 375
571 597 250
572 574 125
572 575 250
572 576 375
572 597 250
573 574 -125
573 575 -125
573 576 -125
573 597 -250
574 575 -375
574 576 -500
574 597 -750
575 576 -875
575 597 -1250
576 597 -1750
577 579 125
577 580 250
578 579 -125
578 580 -125
578 597 -125
579 580 -375
579 597 -375
580 597 -625
581 585 -125
581 597 -250
582 597 -250
583 597 125
584 597 250
585 597 125
586 588 125
586 589 250
587 588 -125
587 589 -125
587 597 -125
588 589 -375
588 597 -375
589 597 -625
590 597 -1750
591 597 125
592 596 250
592 593 -125
592 595 125
593 596 250
593 595 125
594 595 -125
594 596 -125
594 597 -125
595 596 -375
595 597 -375
596 597 -625
