197 781
1 0
3 0
3 1
3 2
5 4
7 4
7 5
7 6
9 8
10 8
10 9
11 8
11 9
11 10
13 8
13 9
13 10
13 11
13 12
14 8
14 9
14 10
14 11
14 12
14 13
15 8
15 9
15 10
15 11
15 12
15 13
15 14
16 10
17 16
19 16
19 17
19 18
21 20
22 20
22 21
23 20
23 21
23 22
25 20
25 21
25 22
25 23
25 24
26 20
26 21
26 22
26 23
26 24
26 25
27 20
27 21
27 22
27 23
27 24
27 25
27 26
28 10
28 16
29 28
31 28
31 29
31 30
32 10
32 16
32 28
33 32
35 32
35 33
35 34
36 32
38 32
38 36
38 37
39 10
39 16
39 28
39 32
40 39
42 39
42 40
42 41
43 10
43 16
43 28
43 32
43 39
44 43
46 43
46 44
46 45
47 8
47 11
48 8
48 11
48 22
48 23
48 47
50 8
50 11
50 47
50 48
50 49
51 8
51 11
51 47
51 48
51 49
51 50
52 8
52 11
52 47
52 48
52 49
52 50
52 51
53 10
53 16
53 28
53 32
53 39
53 43
54 53
56 53
56 54
56 55
57 53
59 53
59 57
59 58
60 43
62 43
62 60
62 61
63 22
63 23
63 48
65 22
65 23
65 48
65 63
65 64
66 22
66 23
66 48
66 63
66 64
66 65
67 22
67 23
67 48
67 63
67 64
67 65
67 66
68 1
69 68
70 10
70 16
70 28
70 32
70 39
70 40
70 43
70 53
70 68
70 69
72 68
72 69
72 70
72 71
73 68
73 69
73 70
73 71
73 72
74 16
76 16
76 74
76 75
77 68
79 68
79 77
79 78
81 80
83 80
83 81
83 82
84 10
84 16
84 28
84 32
84 39
84 43
84 53
84 70
85 4
85 10
85 16
85 28
85 32
85 39
85 43
85 53
85 70
85 84
87 10
87 16
87 28
87 32
87 39
87 43
87 53
87 70
87 84
87 85
87 86
88 10
88 16
88 28
88 32
88 39
88 43
88 53
88 70
88 84
88 85
88 86
88 87
89 10
89 16
89 28
89 32
89 39
89 43
89 53
89 70
89 84
89 85
89 86
89 87
89 88
90 10
90 16
90 28
90 32
90 39
90 43
90 53
90 70
90 84
90 85
90 86
90 87
90 88
90 89
91 10
91 16
91 28
91 32
91 39
91 43
91 53
91 70
91 84
91 85
91 86
91 87
91 88
91 89
91 90
92 10
92 16
92 28
92 32
92 39
92 43
92 53
92 70
92 84
92 85
92 86
92 87
92 88
92 89
92 90
92 91
93 10
93 16
93 28
93 32
93 39
93 43
93 53
93 70
93 84
93 85
93 86
93 87
93 88
93 89
93 90
93 91
93 92
94 10
94 16
94 28
94 32
94 39
94 43
94 53
94 70
94 84
94 85
94 86
94 87
94 88
94 89
94 90
94 91
94 92
94 93
95 10
95 16
95 28
95 32
95 39
95 43
95 53
95 70
95 84
95 85
95 86
95 87
95 88
95 89
95 90
95 91
95 92
95 93
95 94
96 23
97 5
97 23
97 96
99 23
99 96
99 97
99 98
100 23
100 96
100 97
100 98
100 99
101 0
101 84
103 84
103 101
103 102
104 80
106 80
106 104
106 105
108 10
108 107
110 107
110 108
110 109
111 20
111 23
111 107
113 20
113 23
113 111
113 112
114 20
114 23
114 111
114 112
114 113
115 22
116 22
116 115
118 22
118 115
118 116
118 117
119 22
119 115
119 116
119 117
119 118
120 80
121 80
121 120
122 80
122 120
122 121
124 80
124 120
124 121
124 122
124 123
125 80
125 120
125 121
125 122
125 123
125 124
126 80
126 120
126 121
126 122
126 123
126 124
126 125
127 11
129 11
129 127
129 128
130 5
130 97
132 5
132 97
132 130
132 131
133 5
133 97
133 130
133 131
133 132
134 48
135 48
135 134
137 48
137 134
137 135
137 136
138 48
138 134
138 135
138 136
138 137
139 23
141 23
141 139
141 140
142 0
142 16
142 32
142 39
142 40
142 43
142 53
142 70
142 84
142 101
144 32
144 142
144 143
146 43
146 142
146 145
147 4
147 85
149 4
149 85
149 147
149 148
150 4
150 85
150 147
150 148
150 149
152 39
152 142
152 151
154 16
154 142
154 153
155 107
155 111
157 107
157 111
157 155
157 156
158 107
158 111
158 155
158 156
158 157
160 84
160 142
160 159
162 40
162 70
162 142
162 161
163 40
163 70
163 142
163 161
163 162
164 20
166 20
166 164
166 165
167 1
167 68
168 1
168 68
168 167
169 1
169 68
169 167
169 168
170 1
170 68
170 167
170 168
170 169
172 1
172 68
172 167
172 168
172 169
172 170
172 171
173 1
173 68
173 167
173 168
173 169
173 170
173 171
173 172
174 1
174 68
174 167
174 168
174 169
174 170
174 171
174 172
174 173
175 1
175 68
175 167
175 168
175 169
175 170
175 171
175 172
175 173
175 174
176 1
176 68
176 167
176 168
176 169
176 170
176 171
176 172
176 173
176 174
176 175
177 10
177 108
178 10
178 108
178 177
180 10
180 108
180 177
180 178
180 179
181 10
181 108
181 177
181 178
181 179
181 180
182 10
182 108
182 177
182 178
182 179
182 180
182 181
183 28
185 28
185 183
185 184
186 8
187 8
187 186
189 8
189 186
189 187
189 188
190 8
190 186
190 187
190 188
190 189
192 0
192 101
192 142
192 191
193 0
193 101
193 142
193 191
193 192
195 53
195 142
195 194
0 196
1 196
3 196
4 196
5 196
7 196
8 196
9 196
10 196
11 196
12 196
13 196
14 196
15 196
16 196
17 196
19 196
20 196
21 196
22 196
23 196
24 196
25 196
26 196
27 196
28 196
29 196
31 196
32 196
33 196
35 196
36 196
38 196
39 196
40 196
42 196
43 196
44 196
46 196
47 196
48 196
49 196
50 196
51 196
52 196
53 196
54 196
56 196
57 196
59 196
60 196
62 196
63 196
64 196
65 196
66 196
67 196
68 196
69 196
70 196
71 196
72 196
73 196
74 196
76 196
77 196
79 196
80 196
81 196
83 196
84 196
85 196
86 196
87 196
88 196
89 196
90 196
91 196
92 196
93 196
94 196
95 196
96 196
97 196
98 196
99 196
100 196
101 196
103 196
104 196
106 196
107 196
108 196
110 196
111 196
112 196
113 196
114 196
117 196
118 196
119 196
120 196
121 196
122 196
123 196
124 196
125 196
126 196
127 196
129 196
131 196
132 196
133 196
136 196
137 196
138 196
139 196
141 196
142 196
144 196
146 196
148 196
149 196
150 196
152 196
154 196
156 196
157 196
158 196
160 196
161 196
162 196
163 196
164 196
166 196
167 196
168 196
169 196
170 196
171 196
172 196
173 196
174 196
175 196
176 196
177 196
178 196
179 196
180 196
181 196
182 196
183 196
185 196
188 196
189 196
190 196
191 196
192 196
193 196
195 196
