142 516
1 0
2 0
2 1
3 0
3 1
3 2
4 0
4 1
4 2
4 3
6 0
6 1
6 2
6 3
6 4
6 5
7 0
7 1
7 2
7 3
7 4
7 5
7 6
8 0
8 1
8 2
8 3
8 4
8 5
8 6
8 7
9 0
9 1
9 2
9 3
9 4
9 5
9 6
9 7
9 8
10 0
10 1
10 4
11 3
11 10
13 10
13 11
13 12
14 0
14 4
14 10
14 11
15 14
16 14
16 15
17 14
17 15
17 16
19 14
19 15
19 16
19 17
19 18
20 14
20 15
20 16
20 17
20 18
20 19
21 14
21 15
21 16
21 17
21 18
21 19
21 20
23 22
25 22
25 23
25 24
26 16
26 17
27 26
29 26
29 27
29 28
31 2
31 30
32 1
32 30
32 31
34 30
34 31
34 32
34 33
35 30
35 31
35 32
35 33
35 34
36 16
36 17
36 26
38 16
38 17
38 26
38 36
38 37
39 16
39 17
39 26
39 36
39 37
39 38
40 16
40 17
40 26
40 36
40 37
40 38
40 39
41 11
42 30
42 41
43 41
43 42
45 41
45 42
45 43
45 44
46 41
46 42
46 43
46 44
46 45
47 0
47 4
47 10
47 14
49 0
49 4
49 10
49 14
49 47
49 48
50 0
50 4
50 10
50 14
50 47
50 48
50 49
51 0
51 4
51 10
51 14
51 47
51 48
51 49
51 50
52 0
52 4
52 10
52 14
52 47
52 48
52 49
52 50
52 51
54 53
56 53
56 54
56 55
57 15
58 43
58 57
60 57
60 58
60 59
61 27
62 61
64 61
64 62
64 63
65 1
66 0
66 4
66 65
68 65
68 66
68 67
69 27
69 61
71 27
71 61
71 69
71 70
72 27
72 61
72 69
72 70
72 71
73 43
73 58
75 43
75 58
75 73
75 74
76 43
76 58
76 73
76 74
76 75
77 30
77 42
79 30
79 42
79 77
79 78
80 30
80 42
80 77
80 78
80 79
81 0
81 1
81 10
81 66
83 0
83 66
83 81
83 82
84 0
84 66
84 81
84 82
84 83
85 11
85 41
87 11
87 41
87 85
87 86
88 11
88 41
88 85
88 86
88 87
89 26
91 26
91 89
91 90
93 1
93 10
93 81
93 92
94 1
94 10
94 81
94 92
94 93
95 22
97 22
97 95
97 96
98 15
98 57
100 15
100 57
100 98
100 99
101 15
101 57
101 98
101 99
101 100
102 4
102 66
104 4
104 66
104 102
104 103
105 4
105 66
105 102
105 103
105 104
106 11
106 14
108 11
108 14
108 106
108 107
109 11
109 14
109 106
109 107
109 108
110 17
111 16
111 17
111 110
112 16
112 17
112 110
112 111
113 17
113 110
113 111
113 112
115 17
115 110
115 111
115 112
115 113
115 114
116 17
116 110
116 111
116 112
116 113
116 114
116 115
117 17
117 110
117 111
117 112
117 113
117 114
117 115
117 116
118 17
118 110
118 111
118 112
118 113
118 114
118 115
118 116
118 117
119 1
119 65
121 1
121 65
121 119
121 120
122 1
122 65
122 119
122 120
122 121
123 3
123 11
125 3
125 11
125 123
125 124
126 3
126 11
126 123
126 124
126 125
127 2
127 31
129 2
129 31
129 127
129 128
130 2
130 31
130 127
130 128
130 129
132 16
132 111
132 112
132 131
133 16
133 111
133 112
133 131
133 132
134 53
136 53
136 134
136 135
137 1
137 32
139 1
139 32
139 137
139 138
140 1
140 32
140 137
140 138
140 139
0 141
1 141
2 141
3 141
4 141
5 141
6 141
7 141
8 141
9 141
10 141
11 141
13 141
14 141
15 141
16 141
17 141
18 141
19 141
20 141
21 141
22 141
23 141
25 141
26 141
27 141
29 141
30 141
31 141
32 141
33 141
34 141
35 141
36 141
37 141
38 141
39 141
40 141
41 141
42 141
43 141
44 141
45 141
46 141
47 141
48 141
49 141
50 141
51 141
52 141
53 141
54 141
56 141
57 141
58 141
60 141
61 141
62 141
64 141
65 141
66 141
68 141
70 141
71 141
72 141
74 141
75 141
76 141
78 141
79 141
80 141
82 141
83 141
84 141
86 141
87 141
88 141
89 141
91 141
92 141
93 141
94 141
95 141
97 141
99 141
100 141
101 141
103 141
104 141
105 141
107 141
108 141
109 141
110 141
111 141
112 141
113 141
114 141
115 141
116 141
117 141
118 141
120 141
121 141
122 141
124 141
125 141
126 141
128 141
129 141
130 141
131 141
132 141
133 141
134 141
136 141
138 141
139 141
140 141
