856 2325
1 0 -375.0
3 0 -125.0
3 1 125.0
3 2 125.0
5 4 -375.0
7 4 -125.0
7 5 125.0
7 6 125.0
9 8 -375.0
11 8 -125.0
11 9 125.0
11 10 125.0
13 12 -375.0
15 12 -125.0
15 13 125.0
15 14 125.0
17 16 -375.0
18 16 125.0
18 17 -375.0
19 16 125.0
19 17 -375.0
19 18 125.0
21 16 -125.0
21 17 125.0
21 18 -125.0
21 19 -125.0
21 20 125.0
22 16 -250.0
22 17 250.0
22 18 -250.0
22 19 -250.0
22 20 125.0
22 21 375.0
23 16 -375.0
23 17 375.0
23 18 -375.0
23 19 -375.0
23 20 125.0
23 21 500.0
23 22 875.0
25 24 -375.0
27 24 -125.0
27 25 125.0
27 26 125.0
29 28 -375.0
31 28 -125.0
31 29 125.0
31 30 125.0
33 32 -375.0
35 32 -125.0
35 33 125.0
35 34 125.0
37 36 -375.0
39 36 -125.0
39 37 125.0
39 38 125.0
41 40 -375.0
43 40 -125.0
43 41 125.0
43 42 125.0
45 44 -375.0
47 44 -125.0
47 45 125.0
47 46 125.0
48 4 -375.0
50 4 -125.0
50 48 125.0
50 49 125.0
52 51 -375.0
54 51 -125.0
54 52 125.0
54 53 125.0
56 55 -375.0
58 55 -125.0
58 56 125.0
58 57 125.0
60 59 -375.0
62 59 -125.0
62 60 125.0
62 61 125.0
64 63 -375.0
66 63 -125.0
66 64 125.0
66 65 125.0
68 67 -375.0
70 67 -125.0
70 68 125.0
70 69 125.0
72 71 -375.0
74 71 -125.0
74 72 125.0
74 73 125.0
76 8 -375.0
76 75 -375.0
78 75 -125.0
78 76 125.0
78 77 125.0
80 79 -375.0
82 79 -125.0
82 80 125.0
82 81 125.0
84 83 -375.0
86 83 -125.0
86 84 125.0
86 85 125.0
88 87 -375.0
90 87 -125.0
90 88 125.0
90 89 125.0
92 91 -375.0
94 91 -125.0
94 92 125.0
94 93 125.0
96 95 -375.0
98 95 -125.0
98 96 125.0
98 97 125.0
100 91 -375.0
100 99 -375.0
102 99 -125.0
102 100 125.0
102 101 125.0
104 103 -375.0
106 103 -125.0
106 104 125.0
106 105 125.0
108 107 -375.0
110 107 -125.0
110 108 125.0
110 109 125.0
112 111 -375.0
114 111 -125.0
114 112 125.0
114 113 125.0
116 115 -375.0
118 115 -125.0
118 116 125.0
118 117 125.0
120 119 -375.0
122 119 -125.0
122 120 125.0
122 121 125.0
124 75 -375.0
124 123 -375.0
126 123 -125.0
126 124 125.0
126 125 125.0
128 12 -375.0
128 127 -375.0
130 127 -125.0
130 128 125.0
130 129 125.0
132 131 -375.0
134 131 -125.0
134 132 125.0
134 133 125.0
136 135 -375.0
138 135 -125.0
138 136 125.0
138 137 125.0
140 139 -375.0
142 139 -125.0
142 140 125.0
142 141 125.0
144 143 -375.0
146 143 -125.0
146 144 125.0
146 145 125.0
147 56 -375.0
148 147 -375.0
150 147 -125.0
150 148 125.0
150 149 125.0
152 151 -375.0
154 151 -125.0
154 152 125.0
154 153 125.0
155 64 -375.0
156 155 -375.0
158 155 -125.0
158 156 125.0
158 157 125.0
160 159 -375.0
162 159 -125.0
162 160 125.0
162 161 125.0
163 36 125.0
164 163 -375.0
165 163 125.0
165 164 -375.0
167 163 -125.0
167 164 125.0
167 165 -125.0
167 166 125.0
168 163 -250.0
168 164 250.0
168 165 -250.0
168 166 125.0
168 167 375.0
169 120 -375.0
170 169 -375.0
172 169 -125.0
172 170 125.0
172 171 125.0
174 173 -375.0
175 51 125.0
175 173 125.0
175 174 -375.0
177 173 -125.0
177 174 125.0
177 175 -125.0
177 176 125.0
178 173 -250.0
178 174 250.0
178 175 -250.0
178 176 125.0
178 177 375.0
180 179 -375.0
182 179 -125.0
182 180 125.0
182 181 125.0
184 183 -375.0
186 183 -125.0
186 184 125.0
186 185 125.0
187 80 -375.0
188 131 -375.0
188 187 -375.0
190 187 -125.0
190 188 125.0
190 189 125.0
192 191 -375.0
194 191 -125.0
194 192 125.0
194 193 125.0
196 195 -375.0
198 195 -125.0
198 196 125.0
198 197 125.0
200 199 -375.0
202 199 -125.0
202 200 125.0
202 201 125.0
203 192 -375.0
204 151 -375.0
204 203 -375.0
206 203 -125.0
206 204 125.0
206 205 125.0
208 207 -375.0
210 207 -125.0
210 208 125.0
210 209 125.0
212 211 -375.0
214 211 -125.0
214 212 125.0
214 213 125.0
216 199 -375.0
216 215 -375.0
218 215 -125.0
218 216 125.0
218 217 125.0
219 180 -375.0
220 183 -375.0
220 219 -375.0
222 219 -125.0
222 220 125.0
222 221 125.0
224 223 -375.0
226 223 -125.0
226 224 125.0
226 225 125.0
228 179 -375.0
228 227 -375.0
229 227 125.0
229 228 -375.0
231 227 -125.0
231 228 125.0
231 229 -125.0
231 230 125.0
232 227 -250.0
232 228 250.0
232 229 -250.0
232 230 125.0
232 231 375.0
234 233 -375.0
236 233 -125.0
236 234 125.0
236 235 125.0
238 119 -375.0
238 237 -375.0
240 237 -125.0
240 238 125.0
240 239 125.0
242 241 -375.0
243 241 125.0
243 242 -375.0
245 241 -125.0
245 242 125.0
245 243 -125.0
245 244 125.0
246 241 -250.0
246 242 250.0
246 243 -250.0
246 244 125.0
246 245 375.0
248 247 -375.0
250 247 -125.0
250 248 125.0
250 249 125.0
251 112 -375.0
252 191 -375.0
252 251 -375.0
254 251 -125.0
254 252 125.0
254 253 125.0
256 255 -375.0
258 255 -125.0
258 256 125.0
258 257 125.0
260 259 -375.0
262 259 -125.0
262 260 125.0
262 261 125.0
263 243 -375.0
264 243 125.0
264 263 -375.0
266 243 -125.0
266 263 125.0
266 264 -125.0
266 265 125.0
267 243 -250.0
267 263 250.0
267 264 -250.0
267 265 125.0
267 266 375.0
269 135 -375.0
269 268 -375.0
271 268 -125.0
271 269 125.0
271 270 125.0
272 248 -375.0
273 18 -375.0
273 272 -375.0
275 272 -125.0
275 273 125.0
275 274 125.0
276 9 -375.0
277 276 -375.0
279 276 -125.0
279 277 125.0
279 278 125.0
281 280 -375.0
283 280 -125.0
283 281 125.0
283 282 125.0
285 59 -375.0
285 284 -375.0
287 284 -125.0
287 285 125.0
287 286 125.0
288 241 -375.0
289 241 125.0
289 288 -375.0
291 241 -125.0
291 288 125.0
291 289 -125.0
291 290 125.0
292 241 -250.0
292 288 250.0
292 289 -250.0
292 290 125.0
292 291 375.0
293 196 -375.0
294 280 -375.0
294 293 -375.0
296 293 -125.0
296 294 125.0
296 295 125.0
297 170 -375.0
298 143 -375.0
298 297 -375.0
300 297 -125.0
300 298 125.0
300 299 125.0
302 301 -375.0
304 301 -125.0
304 302 125.0
304 303 125.0
306 305 -375.0
308 305 -125.0
308 306 125.0
308 307 125.0
310 99 -375.0
310 309 -375.0
312 309 -125.0
312 310 125.0
312 311 125.0
313 144 -375.0
314 313 -375.0
316 313 -125.0
316 314 125.0
316 315 125.0
317 25 -375.0
318 317 -375.0
320 317 -125.0
320 318 125.0
320 319 125.0
321 96 -375.0
322 55 -375.0
322 321 -375.0
324 321 -125.0
324 322 125.0
324 323 125.0
325 156 -375.0
326 63 -375.0
326 325 -375.0
328 325 -125.0
328 326 125.0
328 327 125.0
329 116 -375.0
330 329 -375.0
332 329 -125.0
332 330 125.0
332 331 125.0
334 333 -375.0
336 333 -125.0
336 334 125.0
336 335 125.0
337 302 -375.0
338 337 -375.0
340 337 -125.0
340 338 125.0
340 339 125.0
342 341 -375.0
344 341 -125.0
344 342 125.0
344 343 125.0
345 83 -375.0
347 83 -125.0
347 345 125.0
347 346 125.0
348 13 -375.0
349 348 -375.0
351 348 -125.0
351 349 125.0
351 350 125.0
352 36 -375.0
352 163 -375.0
352 264 -375.0
352 289 -375.0
353 36 125.0
353 163 125.0
353 352 -375.0
354 36 125.0
354 88 -375.0
354 163 125.0
354 352 -375.0
354 353 125.0
356 36 -125.0
356 163 -125.0
356 352 125.0
356 353 -125.0
356 354 -125.0
356 355 125.0
357 36 -250.0
357 163 -250.0
357 352 250.0
357 353 -250.0
357 354 -250.0
357 355 125.0
357 356 375.0
358 36 -375.0
358 163 -375.0
358 352 375.0
358 353 -375.0
358 354 -375.0
358 355 125.0
358 356 500.0
358 357 875.0
359 36 -500.0
359 163 -500.0
359 352 500.0
359 353 -500.0
359 354 -500.0
359 355 125.0
359 356 625.0
359 357 1125.0
359 358 1625.0
360 103 125.0
361 103 -375.0
361 360 -375.0
363 103 -125.0
363 360 -125.0
363 361 125.0
363 362 125.0
364 103 -250.0
364 360 -250.0
364 361 250.0
364 362 125.0
364 363 375.0
366 365 -375.0
368 365 -125.0
368 366 125.0
368 367 125.0
369 338 -375.0
370 211 -375.0
370 369 -375.0
372 369 -125.0
372 370 125.0
372 371 125.0
373 314 -375.0
374 373 -375.0
376 373 -125.0
376 374 125.0
376 375 125.0
378 16 -375.0
378 377 -375.0
380 377 -125.0
380 378 125.0
380 379 125.0
381 144 -375.0
382 233 -375.0
382 381 -375.0
384 381 -125.0
384 382 125.0
384 383 125.0
385 136 -375.0
386 159 -375.0
386 385 -375.0
388 385 -125.0
388 386 125.0
388 387 125.0
389 25 -375.0
390 0 -375.0
390 389 -375.0
392 389 -125.0
392 390 125.0
392 391 125.0
393 374 -375.0
394 28 -375.0
394 393 -375.0
396 393 -125.0
396 394 125.0
396 395 125.0
397 148 -375.0
398 173 -375.0
398 397 -375.0
400 397 -125.0
400 398 125.0
400 399 125.0
402 401 -375.0
404 401 -125.0
404 402 125.0
404 403 125.0
405 32 125.0
405 52 -375.0
406 32 -375.0
406 405 -375.0
408 32 -125.0
408 405 -125.0
408 406 125.0
408 407 125.0
409 32 -250.0
409 405 -250.0
409 406 250.0
409 407 125.0
409 408 375.0
410 51 -375.0
410 175 -375.0
412 51 -125.0
412 175 -125.0
412 410 125.0
412 411 125.0
413 51 -250.0
413 175 -250.0
413 410 250.0
413 411 125.0
413 412 375.0
414 305 -375.0
414 360 -375.0
416 305 -125.0
416 414 125.0
416 415 125.0
417 212 -375.0
418 417 -375.0
420 417 -125.0
420 418 125.0
420 419 125.0
421 208 -375.0
422 268 -375.0
422 421 -375.0
424 421 -125.0
424 422 125.0
424 423 125.0
425 92 -375.0
426 139 -375.0
426 425 -375.0
428 425 -125.0
428 426 125.0
428 427 125.0
429 29 -375.0
430 429 -375.0
432 429 -125.0
432 430 125.0
432 431 125.0
433 19 -375.0
435 19 -125.0
435 433 125.0
435 434 125.0
436 67 125.0
437 67 -375.0
437 436 -375.0
439 67 -125.0
439 436 -125.0
439 437 125.0
439 438 125.0
440 67 -250.0
440 436 -250.0
440 437 250.0
440 438 125.0
440 439 375.0
441 200 -375.0
442 215 -375.0
442 441 -375.0
444 441 -125.0
444 442 125.0
444 443 125.0
445 165 -375.0
445 353 -375.0
447 165 -125.0
447 445 125.0
447 446 125.0
448 64 125.0
448 155 -375.0
448 200 125.0
448 441 -375.0
450 64 -125.0
450 155 125.0
450 448 -125.0
450 449 125.0
451 64 -250.0
451 155 250.0
451 448 -250.0
451 449 125.0
451 450 375.0
452 180 125.0
452 219 -375.0
453 180 125.0
453 219 -375.0
453 452 125.0
455 180 -125.0
455 219 125.0
455 452 -125.0
455 453 -125.0
455 454 125.0
456 180 -250.0
456 219 250.0
456 452 -250.0
456 453 -250.0
456 454 125.0
456 455 375.0
457 180 -375.0
457 219 375.0
457 452 -375.0
457 453 -375.0
457 454 125.0
457 455 500.0
457 456 875.0
458 268 -375.0
458 422 125.0
460 268 125.0
460 422 -125.0
460 458 -125.0
460 459 125.0
461 268 250.0
461 422 -250.0
461 458 -250.0
461 459 125.0
461 460 375.0
462 436 -375.0
464 436 125.0
464 462 -125.0
464 463 125.0
465 63 -375.0
465 199 -375.0
465 216 125.0
465 326 125.0
467 63 125.0
467 326 -125.0
467 465 -125.0
467 466 125.0
468 63 250.0
468 326 -250.0
468 465 -250.0
468 466 125.0
468 467 375.0
469 360 -375.0
469 414 125.0
471 360 125.0
471 414 -125.0
471 469 -125.0
471 470 125.0
472 360 250.0
472 414 -250.0
472 469 -250.0
472 470 125.0
472 471 375.0
473 259 -375.0
475 259 125.0
475 473 -125.0
475 474 125.0
476 99 -375.0
476 310 125.0
478 99 125.0
478 310 -125.0
478 476 -125.0
478 477 125.0
479 99 250.0
479 310 -250.0
479 476 -250.0
479 477 125.0
479 478 375.0
480 83 -375.0
482 83 125.0
482 480 -125.0
482 481 125.0
483 95 -375.0
485 95 125.0
485 483 -125.0
485 484 125.0
486 264 -375.0
486 352 125.0
488 264 125.0
488 352 -125.0
488 486 -125.0
488 487 125.0
489 264 250.0
489 352 -250.0
489 486 -250.0
489 487 125.0
489 488 375.0
490 207 -375.0
491 207 -375.0
491 490 125.0
493 207 125.0
493 490 -125.0
493 491 -125.0
493 492 125.0
494 207 250.0
494 490 -250.0
494 491 -250.0
494 492 125.0
494 493 375.0
495 338 125.0
495 369 -375.0
497 338 -125.0
497 369 125.0
497 495 -125.0
497 496 125.0
498 338 -250.0
498 369 250.0
498 495 -250.0
498 496 125.0
498 497 375.0
499 247 -375.0
499 377 -375.0
501 247 125.0
501 499 -125.0
501 500 125.0
502 115 -375.0
504 115 125.0
504 502 -125.0
504 503 125.0
505 44 -375.0
505 333 -375.0
507 333 125.0
507 505 -125.0
507 506 125.0
508 151 -375.0
508 204 125.0
510 151 125.0
510 204 -125.0
510 508 -125.0
510 509 125.0
511 151 250.0
511 204 -250.0
511 508 -250.0
511 509 125.0
511 510 375.0
512 75 -375.0
512 124 125.0
514 75 125.0
514 124 -125.0
514 512 -125.0
514 513 125.0
515 75 250.0
515 124 -250.0
515 512 -250.0
515 513 125.0
515 514 375.0
516 36 -375.0
516 87 -375.0
518 36 125.0
518 516 -125.0
518 517 125.0
519 71 -375.0
521 71 125.0
521 519 -125.0
521 520 125.0
522 25 125.0
522 317 -375.0
524 25 -125.0
524 317 125.0
524 522 -125.0
524 523 125.0
525 25 -250.0
525 317 250.0
525 522 -250.0
525 523 125.0
525 524 375.0
526 191 -375.0
526 196 125.0
526 252 125.0
526 293 -375.0
528 196 -125.0
528 293 125.0
528 526 -125.0
528 527 125.0
529 196 -250.0
529 293 250.0
529 526 -250.0
529 527 125.0
529 528 375.0
530 67 -375.0
531 67 -375.0
531 530 125.0
533 67 125.0
533 530 -125.0
533 531 -125.0
533 532 125.0
534 67 250.0
534 530 -250.0
534 531 -250.0
534 532 125.0
534 533 375.0
535 173 -375.0
535 398 125.0
537 173 125.0
537 398 -125.0
537 535 -125.0
537 536 125.0
538 173 250.0
538 398 -250.0
538 535 -250.0
538 536 125.0
538 537 375.0
539 120 125.0
539 169 -375.0
541 120 -125.0
541 169 125.0
541 539 -125.0
541 540 125.0
542 120 -250.0
542 169 250.0
542 539 -250.0
542 540 125.0
542 541 375.0
543 365 -375.0
544 365 -375.0
544 543 125.0
545 365 -375.0
545 543 125.0
545 544 125.0
547 365 125.0
547 543 -125.0
547 544 -125.0
547 545 -125.0
547 546 125.0
548 365 250.0
548 543 -250.0
548 544 -250.0
548 545 -250.0
548 546 125.0
548 547 375.0
549 365 375.0
549 543 -375.0
549 544 -375.0
549 545 -375.0
549 546 125.0
549 547 500.0
549 548 875.0
550 144 125.0
550 381 -375.0
552 144 -125.0
552 381 125.0
552 550 -125.0
552 551 125.0
553 144 -250.0
553 381 250.0
553 550 -250.0
553 551 125.0
553 552 375.0
554 44 -375.0
554 505 125.0
556 44 125.0
556 505 -125.0
556 554 -125.0
556 555 125.0
557 44 250.0
557 505 -250.0
557 554 -250.0
557 555 125.0
557 556 375.0
558 119 -375.0
558 238 125.0
560 119 125.0
560 238 -125.0
560 558 -125.0
560 559 125.0
561 119 250.0
561 238 -250.0
561 558 -250.0
561 559 125.0
561 560 375.0
562 123 -375.0
564 123 125.0
564 562 -125.0
564 563 125.0
565 112 125.0
565 251 -375.0
567 112 -125.0
567 251 125.0
567 565 -125.0
567 566 125.0
568 112 -250.0
568 251 250.0
568 565 -250.0
568 566 125.0
568 567 375.0
569 55 -375.0
569 322 125.0
571 55 125.0
571 322 -125.0
571 569 -125.0
571 570 125.0
572 55 250.0
572 322 -250.0
572 569 -250.0
572 570 125.0
572 571 375.0
573 195 -375.0
575 195 125.0
575 573 -125.0
575 574 125.0
576 175 -375.0
577 175 -375.0
577 576 125.0
578 175 -375.0
578 576 125.0
578 577 125.0
580 175 125.0
580 576 -125.0
580 577 -125.0
580 578 -125.0
580 579 125.0
581 175 250.0
581 576 -250.0
581 577 -250.0
581 578 -250.0
581 579 125.0
581 580 375.0
582 175 375.0
582 576 -375.0
582 577 -375.0
582 578 -375.0
582 579 125.0
582 580 500.0
582 581 875.0
584 377 125.0
584 499 -125.0
584 583 125.0
585 401 -375.0
587 401 125.0
587 585 -125.0
587 586 125.0
588 223 -375.0
589 223 -375.0
589 588 125.0
591 223 125.0
591 588 -125.0
591 589 -125.0
591 590 125.0
592 223 250.0
592 588 -250.0
592 589 -250.0
592 590 125.0
592 591 375.0
593 309 -375.0
595 309 125.0
595 593 -125.0
595 594 125.0
596 280 -375.0
596 294 125.0
598 280 125.0
598 294 -125.0
598 596 -125.0
598 597 125.0
599 280 250.0
599 294 -250.0
599 596 -250.0
599 597 125.0
599 598 375.0
600 148 125.0
600 397 -375.0
602 148 -125.0
602 397 125.0
602 600 -125.0
602 601 125.0
603 148 -250.0
603 397 250.0
603 600 -250.0
603 601 125.0
603 602 375.0
604 103 -375.0
604 305 -375.0
606 103 125.0
606 604 -125.0
606 605 125.0
608 18 125.0
608 273 -125.0
608 607 125.0
609 116 125.0
609 329 -375.0
611 116 -125.0
611 329 125.0
611 609 -125.0
611 610 125.0
612 116 -250.0
612 329 250.0
612 609 -250.0
612 610 125.0
612 611 375.0
613 13 125.0
613 348 -375.0
615 13 -125.0
615 348 125.0
615 613 -125.0
615 614 125.0
616 13 -250.0
616 348 250.0
616 613 -250.0
616 614 125.0
616 615 375.0
618 305 125.0
618 604 -125.0
618 617 125.0
619 111 -375.0
620 111 -375.0
620 619 125.0
622 111 125.0
622 619 -125.0
622 620 -125.0
622 621 125.0
623 111 250.0
623 619 -250.0
623 620 -250.0
623 621 125.0
623 622 375.0
624 107 -375.0
624 341 -375.0
625 107 -375.0
625 341 -375.0
625 624 250.0
627 107 125.0
627 624 -125.0
627 625 -125.0
627 626 125.0
628 107 250.0
628 624 -250.0
628 625 -250.0
628 626 125.0
628 627 375.0
629 135 -375.0
629 269 125.0
631 135 125.0
631 269 -125.0
631 629 -125.0
631 630 125.0
632 135 250.0
632 269 -250.0
632 629 -250.0
632 630 125.0
632 631 375.0
634 199 125.0
634 216 -125.0
634 465 -125.0
634 633 125.0
635 199 250.0
635 216 -250.0
635 465 -250.0
635 633 125.0
635 634 375.0
636 9 125.0
636 32 -375.0
636 51 -375.0
636 276 -375.0
638 51 125.0
638 636 -125.0
638 637 125.0
639 16 -375.0
639 248 125.0
639 272 -375.0
639 378 125.0
641 16 125.0
641 378 -125.0
641 639 -125.0
641 640 125.0
642 16 250.0
642 378 -250.0
642 639 -250.0
642 640 125.0
642 641 375.0
643 237 -375.0
645 237 125.0
645 643 -125.0
645 644 125.0
647 248 -125.0
647 272 125.0
647 639 -125.0
647 646 125.0
648 248 -250.0
648 272 250.0
648 639 -250.0
648 646 125.0
648 647 375.0
649 156 125.0
649 215 -375.0
649 325 -375.0
649 442 125.0
651 156 -125.0
651 325 125.0
651 649 -125.0
651 650 125.0
652 156 -250.0
652 325 250.0
652 649 -250.0
652 650 125.0
652 651 375.0
653 59 -375.0
653 285 125.0
655 59 125.0
655 285 -125.0
655 653 -125.0
655 654 125.0
656 59 250.0
656 285 -250.0
656 653 -250.0
656 654 125.0
656 655 375.0
657 183 -375.0
657 220 125.0
659 183 125.0
659 220 -125.0
659 657 -125.0
659 658 125.0
660 183 250.0
660 220 -250.0
660 657 -250.0
660 658 125.0
660 659 375.0
661 88 125.0
661 354 -375.0
663 88 -125.0
663 354 125.0
663 661 -125.0
663 662 125.0
664 88 -250.0
664 354 250.0
664 661 -250.0
664 662 125.0
664 663 375.0
665 211 -375.0
665 370 125.0
667 211 125.0
667 370 -125.0
667 665 -125.0
667 666 125.0
668 211 250.0
668 370 -250.0
668 665 -250.0
668 666 125.0
668 667 375.0
669 212 125.0
669 417 -375.0
671 212 -125.0
671 417 125.0
671 669 -125.0
671 670 125.0
672 212 -250.0
672 417 250.0
672 669 -250.0
672 670 125.0
672 671 375.0
673 92 125.0
673 425 -375.0
675 92 -125.0
675 425 125.0
675 673 -125.0
675 674 125.0
676 92 -250.0
676 425 250.0
676 673 -250.0
676 674 125.0
676 675 375.0
677 144 125.0
677 313 -375.0
679 144 -125.0
679 313 125.0
679 677 -125.0
679 678 125.0
680 144 -250.0
680 313 250.0
680 677 -250.0
680 678 125.0
680 679 375.0
681 4 -375.0
682 4 -375.0
682 681 125.0
684 4 125.0
684 681 -125.0
684 682 -125.0
684 683 125.0
685 4 250.0
685 681 -250.0
685 682 -250.0
685 683 125.0
685 684 375.0
686 179 -375.0
686 228 125.0
687 179 -375.0
687 228 125.0
687 686 125.0
689 179 125.0
689 228 -125.0
689 686 -125.0
689 687 -125.0
689 688 125.0
690 179 250.0
690 228 -250.0
690 686 -250.0
690 687 -250.0
690 688 125.0
690 689 375.0
691 179 375.0
691 228 -375.0
691 686 -375.0
691 687 -375.0
691 688 125.0
691 689 500.0
691 690 875.0
692 243 -375.0
694 243 125.0
694 692 -125.0
694 693 125.0
695 96 125.0
695 321 -375.0
697 96 -125.0
697 321 125.0
697 695 -125.0
697 696 125.0
698 96 -250.0
698 321 250.0
698 695 -250.0
698 696 125.0
698 697 375.0
699 91 -375.0
699 100 125.0
701 91 125.0
701 100 -125.0
701 699 -125.0
701 700 125.0
702 91 250.0
702 100 -250.0
702 699 -250.0
702 700 125.0
702 701 375.0
704 200 -125.0
704 441 125.0
704 448 -125.0
704 703 125.0
705 200 -250.0
705 441 250.0
705 448 -250.0
705 703 125.0
705 704 375.0
706 24 -375.0
708 24 125.0
708 706 -125.0
708 707 125.0
709 255 -375.0
711 255 125.0
711 709 -125.0
711 710 125.0
713 191 125.0
713 252 -125.0
713 526 -125.0
713 712 125.0
714 191 250.0
714 252 -250.0
714 526 -250.0
714 712 125.0
714 713 375.0
715 170 125.0
715 297 -375.0
717 170 -125.0
717 297 125.0
717 715 -125.0
717 716 125.0
718 170 -250.0
718 297 250.0
718 715 -250.0
718 716 125.0
718 717 375.0
719 28 -375.0
719 394 125.0
721 28 125.0
721 394 -125.0
721 719 -125.0
721 720 125.0
722 28 250.0
722 394 -250.0
722 719 -250.0
722 720 125.0
722 721 375.0
723 314 125.0
723 373 -375.0
725 314 -125.0
725 373 125.0
725 723 -125.0
725 724 125.0
726 314 -250.0
726 373 250.0
726 723 -250.0
726 724 125.0
726 725 375.0
727 29 125.0
727 429 -375.0
729 29 -125.0
729 429 125.0
729 727 -125.0
729 728 125.0
730 29 -250.0
730 429 250.0
730 727 -250.0
730 728 125.0
730 729 375.0
731 227 -375.0
733 227 125.0
733 731 -125.0
733 732 125.0
735 341 125.0
735 624 -125.0
735 625 -125.0
735 734 125.0
736 341 250.0
736 624 -250.0
736 625 -250.0
736 734 125.0
736 735 375.0
737 289 -375.0
737 352 125.0
739 289 125.0
739 352 -125.0
739 737 -125.0
739 738 125.0
740 289 250.0
740 352 -250.0
740 737 -250.0
740 738 125.0
740 739 375.0
741 139 -375.0
741 426 125.0
743 139 125.0
743 426 -125.0
743 741 -125.0
743 742 125.0
744 139 250.0
744 426 -250.0
744 741 -250.0
744 742 125.0
744 743 375.0
745 233 -375.0
745 382 125.0
747 233 125.0
747 382 -125.0
747 745 -125.0
747 746 125.0
748 233 250.0
748 382 -250.0
748 745 -250.0
748 746 125.0
748 747 375.0
750 215 125.0
750 442 -125.0
750 649 -125.0
750 749 125.0
751 215 250.0
751 442 -250.0
751 649 -250.0
751 749 125.0
751 750 375.0
753 9 -125.0
753 276 125.0
753 636 -125.0
753 752 125.0
754 9 -250.0
754 276 250.0
754 636 -250.0
754 752 125.0
754 753 375.0
755 163 -375.0
755 165 -375.0
755 353 -375.0
755 445 125.0
757 165 125.0
757 755 -125.0
757 756 125.0
758 374 125.0
758 393 -375.0
760 374 -125.0
760 393 125.0
760 758 -125.0
760 759 125.0
761 374 -250.0
761 393 250.0
761 758 -250.0
761 759 125.0
761 760 375.0
763 32 125.0
763 636 -125.0
763 762 125.0
764 284 -375.0
766 284 125.0
766 764 -125.0
766 765 125.0
767 302 125.0
767 337 -375.0
769 302 -125.0
769 337 125.0
769 767 -125.0
769 768 125.0
770 302 -250.0
770 337 250.0
770 767 -250.0
770 768 125.0
770 769 375.0
771 80 125.0
771 187 -375.0
773 80 -125.0
773 187 125.0
773 771 -125.0
773 772 125.0
774 80 -250.0
774 187 250.0
774 771 -250.0
774 772 125.0
774 773 375.0
775 208 125.0
775 421 -375.0
777 208 -125.0
777 421 125.0
777 775 -125.0
777 776 125.0
778 208 -250.0
778 421 250.0
778 775 -250.0
778 776 125.0
778 777 375.0
779 52 125.0
779 405 -375.0
781 52 -125.0
781 405 125.0
781 779 -125.0
781 780 125.0
782 52 -250.0
782 405 250.0
782 779 -250.0
782 780 125.0
782 781 375.0
783 229 -375.0
785 229 125.0
785 783 -125.0
785 784 125.0
786 159 -375.0
786 386 125.0
787 159 -375.0
787 386 125.0
787 786 125.0
789 159 125.0
789 386 -125.0
789 786 -125.0
789 787 -125.0
789 788 125.0
790 159 250.0
790 386 -250.0
790 786 -250.0
790 787 -250.0
790 788 125.0
790 789 375.0
791 159 375.0
791 386 -375.0
791 786 -375.0
791 787 -375.0
791 788 125.0
791 789 500.0
791 790 875.0
792 56 125.0
792 147 -375.0
794 56 -125.0
794 147 125.0
794 792 -125.0
794 793 125.0
795 56 -250.0
795 147 250.0
795 792 -250.0
795 793 125.0
795 794 375.0
796 0 -375.0
796 390 125.0
798 0 125.0
798 390 -125.0
798 796 -125.0
798 797 125.0
799 0 250.0
799 390 -250.0
799 796 -250.0
799 797 125.0
799 798 375.0
800 79 -375.0
802 79 125.0
802 800 -125.0
802 801 125.0
803 12 -375.0
803 128 125.0
805 12 125.0
805 128 -125.0
805 803 -125.0
805 804 125.0
806 12 250.0
806 128 -250.0
806 803 -250.0
806 804 125.0
806 805 375.0
808 87 125.0
808 516 -125.0
808 807 125.0
810 163 125.0
810 755 -125.0
810 809 125.0
811 241 -375.0
813 241 125.0
813 811 -125.0
813 812 125.0
814 127 -375.0
816 127 125.0
816 814 -125.0
816 815 125.0
817 25 125.0
817 389 -375.0
819 25 -125.0
819 389 125.0
819 817 -125.0
819 818 125.0
820 25 -250.0
820 389 250.0
820 817 -250.0
820 818 125.0
820 819 375.0
821 131 -375.0
821 188 125.0
823 131 125.0
823 188 -125.0
823 821 -125.0
823 822 125.0
824 131 250.0
824 188 -250.0
824 821 -250.0
824 822 125.0
824 823 375.0
826 353 125.0
826 445 -125.0
826 755 -125.0
826 825 125.0
827 353 250.0
827 445 -250.0
827 755 -250.0
827 825 125.0
827 826 375.0
828 192 125.0
828 203 -375.0
830 192 -125.0
830 203 125.0
830 828 -125.0
830 829 125.0
831 192 -250.0
831 203 250.0
831 828 -250.0
831 829 125.0
831 830 375.0
832 301 -375.0
834 301 125.0
834 832 -125.0
834 833 125.0
835 136 125.0
835 385 -375.0
836 136 125.0
836 385 -375.0
836 835 125.0
838 136 -125.0
838 385 125.0
838 835 -125.0
838 836 -125.0
838 837 125.0
839 136 -250.0
839 385 250.0
839 835 -250.0
839 836 -250.0
839 837 125.0
839 838 375.0
840 136 -375.0
840 385 375.0
840 835 -375.0
840 836 -375.0
840 837 125.0
840 838 500.0
840 839 875.0
841 143 -375.0
841 298 125.0
843 143 125.0
843 298 -125.0
843 841 -125.0
843 842 125.0
844 143 250.0
844 298 -250.0
844 841 -250.0
844 842 125.0
844 843 375.0
845 19 -375.0
847 19 125.0
847 845 -125.0
847 846 125.0
848 40 -375.0
850 40 125.0
850 848 -125.0
850 849 125.0
851 8 -375.0
851 76 125.0
853 8 125.0
853 76 -125.0
853 851 -125.0
853 852 125.0
854 8 250.0
854 76 -250.0
854 851 -250.0
854 852 125.0
854 853 375.0
0 855 -375.0
1 855 125.5
3 855 -125.0
4 855 -500.0
5 855 -25.0
7 855 -125.0
8 855 -375.0
9 855 125.5
11 855 -125.0
12 855 -375.0
13 855 125.5
15 855 -125.0
16 855 -750.0
17 855 1000.5
18 855 -625.0
19 855 -750.0
20 855 250.0
21 855 500.0
22 855 750.0
23 855 1000.0
24 855 -250.0
25 855 125.5
27 855 -125.0
28 855 -375.0
29 855 125.5
31 855 -125.0
32 855 -500.0
33 855 125.5
35 855 -125.0
36 855 -1125.0
37 855 125.5
39 855 -125.0
40 855 -250.0
41 855 125.5
43 855 -125.0
44 855 -375.0
45 855 125.5
47 855 -125.0
48 855 125.5
50 855 -125.0
51 855 -500.0
52 855 125.5
54 855 -125.0
55 855 -375.0
56 855 125.5
58 855 -125.0
59 855 -375.0
60 855 -25.0
62 855 -125.0
63 855 -375.0
64 855 125.5
66 855 -125.0
67 855 -625.0
68 855 125.5
70 855 -125.0
71 855 -250.0
72 855 125.5
74 855 -125.0
75 855 -375.0
76 855 125.5
78 855 -125.0
79 855 -250.0
80 855 125.5
82 855 -125.0
83 855 -375.0
84 855 125.5
86 855 -125.0
87 855 -250.0
88 855 125.5
90 855 -125.0
91 855 -375.0
92 855 125.5
94 855 -125.0
95 855 -250.0
96 855 125.5
98 855 -125.0
99 855 -375.0
100 855 125.5
102 855 -125.0
103 855 -500.0
104 855 125.5
106 855 -125.0
107 855 -375.0
108 855 125.5
110 855 -125.0
111 855 -375.0
112 855 125.5
114 855 -125.0
115 855 -250.0
116 855 -25.0
118 855 -125.0
119 855 -375.0
120 855 125.5
122 855 -125.0
123 855 -250.0
124 855 125.5
126 855 -125.0
127 855 -250.0
128 855 125.5
130 855 -125.0
131 855 -375.0
132 855 125.5
134 855 -125.0
135 855 -375.0
136 855 -275.0
138 855 -125.0
139 855 -375.0
140 855 125.5
142 855 -125.0
143 855 -375.0
144 855 125.5
146 855 -125.0
147 855 -375.0
148 855 125.5
150 855 -125.0
151 855 -375.0
152 855 125.5
154 855 -125.0
155 855 -375.0
156 855 125.5
158 855 -125.0
159 855 -375.0
160 855 125.5
162 855 -125.0
163 855 -1250.0
164 855 500.5
165 855 -500.0
166 855 125.0
167 855 125.0
168 855 125.0
169 855 -375.0
170 855 125.5
172 855 -125.0
173 855 -500.0
174 855 500.5
175 855 -750.0
176 855 125.0
177 855 125.0
178 855 125.0
179 855 -375.0
180 855 -124.5
182 855 -125.0
183 855 -375.0
184 855 125.5
186 855 -125.0
187 855 -375.0
188 855 -25.0
190 855 -125.0
191 855 -375.0
192 855 125.5
194 855 -125.0
195 855 -250.0
196 855 125.5
198 855 -125.0
199 855 -375.0
200 855 125.5
202 855 -125.0
203 855 -375.0
204 855 125.5
206 855 -125.0
207 855 -375.0
208 855 125.5
210 855 -125.0
211 855 -375.0
212 855 125.5
214 855 -125.0
215 855 -375.0
216 855 125.5
218 855 -125.0
219 855 -375.0
220 855 -25.0
222 855 -125.0
223 855 -375.0
224 855 125.5
226 855 -125.0
227 855 -375.0
228 855 250.5
229 855 -375.0
230 855 125.0
231 855 125.0
232 855 125.0
233 855 -375.0
234 855 125.5
236 855 -125.0
237 855 -250.0
238 855 125.5
240 855 -125.0
241 855 -625.0
242 855 500.5
243 855 -625.0
244 855 125.0
245 855 125.0
246 855 125.0
247 855 -250.0
248 855 125.5
250 855 -125.0
251 855 -375.0
252 855 125.5
254 855 -125.0
255 855 -250.0
256 855 125.5
258 855 -125.0
259 855 -250.0
260 855 125.5
262 855 -125.0
263 855 500.5
264 855 -500.0
265 855 125.0
266 855 125.0
267 855 125.0
268 855 -375.0
269 855 125.5
271 855 -125.0
272 855 -375.0
273 855 250.5
275 855 -125.0
276 855 -375.0
277 855 125.5
279 855 -125.0
280 855 -375.0
281 855 125.5
283 855 -125.0
284 855 -250.0
285 855 125.5
287 855 -125.0
288 855 500.5
289 855 -500.0
290 855 125.0
291 855 125.0
292 855 125.0
293 855 -375.0
294 855 125.5
296 855 -125.0
297 855 -375.0
298 855 125.5
300 855 -125.0
301 855 -250.0
302 855 125.5
304 855 -125.0
305 855 -375.0
306 855 125.5
308 855 -125.0
309 855 -250.0
310 855 125.5
312 855 -125.0
313 855 -375.0
314 855 125.5
316 855 -125.0
317 855 -375.0
318 855 125.5
320 855 -125.0
321 855 -375.0
322 855 125.5
324 855 -125.0
325 855 -375.0
326 855 125.5
328 855 -125.0
329 855 -375.0
330 855 125.5
332 855 -125.0
333 855 -250.0
334 855 125.5
336 855 -125.0
337 855 -375.0
338 855 125.5
340 855 -125.0
341 855 -375.0
342 855 125.5
344 855 -125.0
345 855 125.5
347 855 -125.0
348 855 -375.0
349 855 125.5
351 855 -125.0
352 855 1625.5
353 855 -1125.0
354 855 -1125.0
355 855 375.0
356 855 1000.0
357 855 1625.0
358 855 2250.0
359 855 2875.0
360 855 -500.0
361 855 350.0
362 855 125.0
363 855 125.0
364 855 125.0
365 855 -375.0
366 855 125.5
368 855 -125.0
369 855 -375.0
370 855 125.5
372 855 -125.0
373 855 -375.0
374 855 125.5
376 855 -125.0
377 855 -250.0
378 855 125.5
380 855 -125.0
381 855 -375.0
382 855 125.5
384 855 -125.0
385 855 -375.0
386 855 -124.5
388 855 -125.0
389 855 -375.0
390 855 125.5
392 855 -125.0
393 855 -375.0
394 855 125.5
396 855 -125.0
397 855 -375.0
398 855 125.5
400 855 -125.0
401 855 -250.0
402 855 -25.0
404 855 -125.0
405 855 -500.0
406 855 500.5
407 855 125.0
408 855 125.0
409 855 125.0
410 855 350.0
411 855 125.0
412 855 125.0
413 855 125.0
414 855 125.5
416 855 -125.0
417 855 -375.0
418 855 125.5
420 855 -125.0
421 855 -375.0
422 855 125.5
424 855 -125.0
425 855 -375.0
426 855 125.5
428 855 -125.0
429 855 -375.0
430 855 125.5
432 855 -125.0
433 855 125.5
435 855 -125.0
436 855 -375.0
437 855 500.5
438 855 125.0
439 855 125.0
440 855 125.0
441 855 -375.0
442 855 125.5
444 855 -125.0
445 855 125.5
447 855 -125.0
449 855 125.0
450 855 375.0
451 855 625.0
452 855 -250.0
453 855 -250.0
454 855 250.0
455 855 750.0
456 855 1250.0
457 855 1750.0
459 855 125.0
460 855 375.0
461 855 625.0
462 855 125.0
464 855 125.0
466 855 125.0
467 855 375.0
468 855 625.0
470 855 125.0
471 855 375.0
472 855 625.0
473 855 125.0
475 855 125.0
477 855 125.0
478 855 375.0
479 855 625.0
480 855 125.0
482 855 125.0
483 855 125.0
485 855 125.0
487 855 125.0
488 855 375.0
489 855 625.0
492 855 125.0
493 855 375.0
494 855 625.0
496 855 125.0
497 855 375.0
498 855 625.0
499 855 250.0
501 855 125.0
502 855 125.0
504 855 125.0
505 855 125.0
507 855 125.0
509 855 125.0
510 855 375.0
511 855 625.0
513 855 125.0
514 855 375.0
515 855 625.0
516 855 250.0
518 855 125.0
519 855 125.0
521 855 125.0
523 855 125.0
524 855 375.0
525 855 625.0
527 855 125.0
528 855 375.0
529 855 625.0
532 855 125.0
533 855 375.0
534 855 625.0
536 855 125.0
537 855 375.0
538 855 625.0
540 855 125.0
541 855 375.0
542 855 625.0
543 855 -250.0
544 855 -250.0
545 855 -250.0
546 855 250.0
547 855 750.0
548 855 1250.0
549 855 1750.0
551 855 125.0
552 855 375.0
553 855 625.0
555 855 125.0
556 855 375.0
557 855 625.0
559 855 125.0
560 855 375.0
561 855 625.0
562 855 125.0
564 855 125.0
566 855 125.0
567 855 375.0
568 855 625.0
570 855 125.0
571 855 375.0
572 855 625.0
573 855 125.0
575 855 125.0
576 855 -250.0
577 855 -250.0
578 855 -250.0
579 855 250.0
580 855 750.0
581 855 1250.0
582 855 1750.0
584 855 125.0
585 855 125.0
587 855 125.0
590 855 125.0
591 855 375.0
592 855 625.0
593 855 125.0
595 855 125.0
597 855 125.0
598 855 375.0
599 855 625.0
601 855 125.0
602 855 375.0
603 855 625.0
604 855 250.0
606 855 125.0
608 855 125.0
610 855 125.0
611 855 375.0
612 855 625.0
614 855 125.0
615 855 375.0
616 855 625.0
618 855 125.0
621 855 125.0
622 855 375.0
623 855 625.0
626 855 125.0
627 855 375.0
628 855 625.0
630 855 125.0
631 855 375.0
632 855 625.0
633 855 125.0
634 855 375.0
635 855 625.0
636 855 250.0
638 855 125.0
640 855 125.0
641 855 375.0
642 855 625.0
643 855 125.0
645 855 125.0
646 855 125.0
647 855 375.0
648 855 625.0
650 855 125.0
651 855 375.0
652 855 625.0
654 855 125.0
655 855 375.0
656 855 625.0
658 855 125.0
659 855 375.0
660 855 625.0
662 855 125.0
663 855 375.0
664 855 625.0
666 855 125.0
667 855 375.0
668 855 625.0
670 855 125.0
671 855 375.0
672 855 625.0
674 855 125.0
675 855 375.0
676 855 625.0
678 855 125.0
679 855 375.0
680 855 625.0
683 855 125.0
684 855 375.0
685 855 625.0
686 855 -250.0
687 855 -250.0
688 855 250.0
689 855 750.0
690 855 1250.0
691 855 1750.0
692 855 125.0
694 855 125.0
696 855 125.0
697 855 375.0
698 855 625.0
700 855 125.0
701 855 375.0
702 855 625.0
703 855 125.0
704 855 375.0
705 855 625.0
706 855 125.0
708 855 125.0
709 855 125.0
711 855 125.0
712 855 125.0
713 855 375.0
714 855 625.0
716 855 125.0
717 855 375.0
718 855 625.0
720 855 125.0
721 855 375.0
722 855 625.0
724 855 125.0
725 855 375.0
726 855 625.0
728 855 125.0
729 855 375.0
730 855 625.0
731 855 125.0
733 855 125.0
734 855 125.0
735 855 375.0
736 855 625.0
738 855 125.0
739 855 375.0
740 855 625.0
742 855 125.0
743 855 375.0
744 855 625.0
746 855 125.0
747 855 375.0
748 855 625.0
749 855 125.0
750 855 375.0
751 855 625.0
752 855 125.0
753 855 375.0
754 855 625.0
755 855 250.0
757 855 125.0
759 855 125.0
760 855 375.0
761 855 625.0
763 855 125.0
764 855 125.0
766 855 125.0
768 855 125.0
769 855 375.0
770 855 625.0
772 855 125.0
773 855 375.0
774 855 625.0
776 855 125.0
777 855 375.0
778 855 625.0
780 855 125.0
781 855 375.0
782 855 625.0
783 855 125.0
785 855 125.0
786 855 -250.0
787 855 -250.0
788 855 250.0
789 855 750.0
790 855 1250.0
791 855 1750.0
793 855 125.0
794 855 375.0
795 855 625.0
797 855 125.0
798 855 375.0
799 855 625.0
800 855 125.0
802 855 125.0
804 855 125.0
805 855 375.0
806 855 625.0
808 855 125.0
810 855 125.0
811 855 125.0
813 855 125.0
814 855 125.0
816 855 125.0
818 855 125.0
819 855 375.0
820 855 625.0
822 855 125.0
823 855 375.0
824 855 625.0
825 855 125.0
826 855 375.0
827 855 625.0
829 855 125.0
830 855 375.0
831 855 625.0
832 855 125.0
834 855 125.0
835 855 -250.0
836 855 -250.0
837 855 250.0
838 855 750.0
839 855 1250.0
840 855 1750.0
842 855 125.0
843 855 375.0
844 855 625.0
845 855 125.0
847 855 125.0
848 855 125.0
850 855 125.0
852 855 125.0
853 855 375.0
854 855 625.0
