258 390 
0 0 0 0 0 0 0 0 1 0 0 0 1 0 1 1 1 0 0 0 0 1 0 0 1 0 0 0 1 1 1 1 0 0 0 0 0 0 0 0 0 0 0 0 1 0 0 1 0 0 0 0 0 0 0 0 1 0 0 0 0 1 0 0 0 0 0 0 0 0 0 1 0 0 1 0 0 0 0 0 0 0 0 0 1 0 0 0 0 0 0 0 0 1 0 0 0 0 1 0 0 1 0 0 0 1 0 0 0 0 1 0 0 0 0 0 0 0 0 0 0 0 0 0 0 0 0 0 0 0 0 0 0 0 0 0 1 0 0 0 0 0 0 0 0 1 0 0 1 0 0 0 0 0 0 0 0 0 0 0 1 0 0 0 0 0 0 0 0 1 0 0 0 1 0 0 0 0 0 0 1 0 0 0 0 1 0 0 1 0 0 0 1 0 0 0 1 0 1 0 0 0 0 0 0 0 0 0 0 0 0 0 0 0 0 0 0 1 0 0 1 0 0 0 0 0 0 0 1 0 0 1 0 0 1 0 0 0 0 0 0 0 0 1 0 0 0 0 0 0 0 0 0 0 0 1 0 0 0 0 0 0 0 0 0 0 0 0 0 0 0 0 0 0 0 0 0 0 0 0 0 0 0 0 0 0 0 1 0 0 0 0 0 0 1 0 0 1 0 0 0 0 1 0 1 0 0 0 0 0 0 0 0 0 0 0 0 0 0 0 0 0 0 0 1 0 0 1 0 0 0 0 0 0 1 1 0 0 0 1 0 0 0 0 0 0 0 1 0 0 0 0 0 0 0 0 0 1 0 1 0 0 1 0 0 1 0 0 0 0 0 0 1 0 0 0 0 0 0 0 0 0 0 0 0 0 0 0 0 0 
1 388 
1 1 
1 2 
1 3 
1 4 
1 5 
1 386 
1 387 
1 385 
1 311 
1 383 
1 384 
1 382 
3 92 11 10 
1 380 
1 381 
1 379 
1 265 
1 378 
1 19 
1 377 
2 232 18 
1 376 
2 21 20 
1 375 
2 23 22 
1 26 
1 374 
1 266 
1 267 
1 373 
1 268 
1 269 
1 341 
1 34 
1 35 
1 369 
1 37 
1 38 
1 39 
1 40 
1 368 
1 42 
1 367 
2 295 41 
1 366 
2 44 43 
1 270 
1 264 
1 49 
1 271 
1 51 
1 52 
1 53 
1 331 
2 229 50 
1 272 
2 55 54 
1 58 
1 59 
1 273 
1 274 
1 342 
1 63 
1 64 
1 65 
1 66 
1 67 
1 68 
1 69 
1 275 
2 215 62 
1 276 
2 71 70 
2 28 27 
2 73 72 
1 76 
1 77 
1 356 
1 79 
1 80 
1 81 
1 354 
1 355 
1 353 
3 159 83 82 
1 86 
1 352 
1 88 
1 89 
1 90 
1 91 
1 277 
1 351 
2 337 87 
1 95 
1 96 
1 350 
1 278 
1 349 
2 98 97 
1 348 
2 100 99 
1 279 
1 280 
2 218 33 
3 325 104 103 
1 107 
1 108 
1 344 
1 281 
1 111 
1 112 
1 113 
1 114 
1 115 
1 116 
1 117 
1 118 
1 119 
1 120 
1 121 
1 122 
1 343 
1 124 
1 125 
1 126 
1 127 
1 128 
3 147 123 360 
1 130 
1 131 
1 132 
1 133 
1 340 
2 129 370 
1 282 
2 135 134 
1 138 
1 139 
1 140 
1 141 
1 142 
1 283 
1 284 
2 185 184 
2 144 143 
2 110 109 
1 263 
1 315 
3 241 46 45 
1 151 
1 152 
1 153 
1 154 
1 155 
1 156 
1 157 
1 158 
2 226 78 
1 257 
2 322 150 
1 162 
1 163 
1 164 
1 165 
1 166 
1 167 
1 288 
1 289 
1 170 
1 171 
1 290 
2 169 168 
1 174 
1 175 
1 176 
1 177 
2 173 172 
1 262 
1 330 
2 335 336 
1 182 
1 183 
1 329 
1 258 
1 328 
1 261 
1 291 
3 178 363 179 
1 292 
1 259 
1 314 
2 191 190 
1 194 
1 309 
2 345 36 
2 332 0 
1 313 
2 196 195 
1 200 
1 201 
1 202 
1 203 
1 204 
1 205 
1 206 
1 207 
1 208 
1 209 
1 210 
1 211 
1 212 
1 213 
1 214 
2 61 60 
2 294 293 
1 298 
1 299 
1 321 
1 300 
1 221 
1 222 
1 223 
1 224 
1 225 
1 301 
1 320 
1 310 
1 312 
1 319 
4 253 197 7 6 
1 305 
1 318 
1 306 
1 235 
1 236 
1 237 
1 238 
1 239 
1 240 
1 260 
1 317 
1 307 
1 244 
1 245 
1 246 
1 247 
1 248 
1 249 
1 250 
1 251 
1 252 
1 308 
1 316 
3 285 186 187 
1 256 
85 243 242 297 296 13 12 287 286 304 303 234 233 231 230 17 16 228 227 48 47 220 219 75 74 217 216 32 31 199 198 149 148 323 193 192 324 102 101 326 327 389 161 160 333 334 146 145 85 84 137 136 338 339 106 105 347 346 94 93 9 8 358 359 57 56 361 362 364 365 357 30 29 371 372 25 24 302 15 14 189 188 181 180 255 254 

