258 912
0 19 250
0 68 -250
0 8 250
0 6 -125
0 7 -375
0 257 -625
1 197 375
1 2 375
1 4 -125
1 5 -250
1 257 -500.5
2 135 -125
2 4 125
2 5 250
2 197 -125
2 64 -125
2 128 375
2 71 -125
2 131 125
2 132 250
2 133 375
2 174 375
2 176 125
2 177 250
2 190 375
2 181 -125
2 257 1125
3 4 -125
3 5 -125
3 257 -125
4 197 125
4 5 -375
4 257 -125
5 197 250
5 257 -125
6 7 -125
6 257 -125
7 19 125
7 68 -125
7 8 125
7 257 -375
8 19 -125
8 68 375
9 229 -125
9 198 -125
9 257 -125
10 121 125
10 211 -125
10 15 125
10 12 -125
10 11 -375
10 257 -375
11 121 250
11 211 -250
11 15 250
11 12 -125
11 257 -625
12 257 -125
13 231 375
13 60 375
13 70 -125
13 72 -250
13 257 249
14 19 250
14 193 -250
14 20 250
14 18 -125
14 16 -375
14 257 -625
15 121 -125
15 211 375
16 19 125
16 193 -125
16 20 125
16 18 -125
16 257 -375
17 166 -125
17 210 125
17 187 125
17 179 125
17 148 125
17 48 -125
17 28 -375
17 29 -500
17 31 -625
17 257 -1250
18 257 -125
19 193 375
19 21 375
19 68 375
19 23 125
19 102 375
19 30 -125
19 24 125
19 22 250
19 20 -125
19 257 -125.5
20 193 375
21 74 -125
21 213 125
21 214 250
21 26 375
21 23 -125
21 138 -125
21 139 375
21 141 125
21 142 250
21 210 375
21 211 -125
21 257 750
22 102 -250
22 30 250
22 27 -125
22 24 -375
22 257 -625
23 257 -125
24 102 -125
24 30 125
24 27 -125
24 257 -375
25 240 -375
25 239 -250
25 26 375
25 235 375
25 236 375
25 238 -125
25 257 249.5
26 74 125
26 235 -125
26 236 -125
26 238 125
26 239 250
26 240 375
26 257 124.5
27 257 -125
28 166 -250
28 210 250
28 187 250
28 179 250
28 148 250
28 48 -125
28 29 -875
28 31 -1125
28 257 -2125
29 166 -375
29 210 375
29 187 375
29 179 375
29 148 375
29 48 -125
29 31 -1625
29 257 -3000
30 102 375
31 166 -500
31 210 500
31 187 500
31 179 500
31 148 500
31 48 -125
31 257 -3875
32 170 375
32 183 -125
32 50 125
32 56 250
33 62 -125
33 123 -125
33 109 -125
33 257 -250
34 196 375
34 35 375
34 105 375
34 38 -125
34 39 -250
34 40 -375
34 257 -1000.5
35 55 -125
35 105 -125
35 38 125
35 39 250
35 40 375
35 49 375
35 196 -125
35 52 125
35 53 250
35 232 375
35 234 375
35 253 -125
35 195 -250
35 257 1000
36 59 250
36 182 -250
36 45 250
36 43 -125
36 41 -375
36 257 -625
37 38 -125
37 39 -125
37 40 -125
37 257 -250
38 196 125
38 105 125
38 39 -375
38 40 -500
38 257 -500
39 196 250
39 105 250
39 40 -875
39 257 -750
40 196 375
40 105 375
40 257 -1000
41 59 125
41 182 -125
41 45 125
41 43 -125
41 257 -375
42 46 125
42 44 375
42 112 375
42 92 -125
42 103 125
42 104 250
42 257 -125.5
43 257 -125
44 94 -125
44 118 125
44 119 250
44 46 -125
44 116 375
44 257 375
45 59 -125
45 182 375
46 257 -125
47 50 -125
47 56 -125
47 257 -125
48 257 -375
49 55 375
49 52 -125
49 53 -250
49 257 -500.5
50 170 -125
50 183 125
50 56 -375
50 257 -375
51 52 -125
51 53 -125
51 257 -125
52 55 125
52 53 -375
52 257 -125
53 55 250
53 257 -125
54 107 -250
54 111 250
54 186 250
54 184 -125
54 180 -375
54 257 -625
55 94 -125
55 90 250
55 76 -125
55 86 375
55 91 375
55 89 125
55 257 750
56 170 -250
56 183 250
56 257 -625
57 198 -250
57 229 -125
57 108 375
57 228 375
57 257 249.5
58 59 375
58 215 -125
58 189 375
58 201 375
58 221 375
58 223 -125
58 224 -250
58 225 -375
58 257 375
59 215 125
59 182 375
59 257 -125.5
60 231 -250
60 85 375
60 70 125
60 72 250
60 87 -125
60 82 125
60 83 250
60 78 375
60 257 250
61 70 -125
61 72 -125
61 257 -125
62 111 125
62 122 -125
62 150 125
62 134 125
62 123 -375
62 109 -500
62 257 -750
63 71 375
63 64 375
63 66 -125
63 67 -250
63 257 -500.5
64 216 125
64 66 125
64 67 250
64 128 375
64 71 -125
64 131 125
64 132 250
64 133 375
64 135 -125
64 151 375
64 153 125
64 154 250
64 190 375
64 161 -125
64 257 1125
65 66 -125
65 67 -125
65 257 -125
66 71 125
66 67 -375
66 257 -125
67 71 250
67 257 -125
68 69 375
68 73 -125
68 257 375
69 146 375
69 73 125
69 192 -125
69 254 125
69 242 250
69 257 -125.5
70 231 125
70 72 -375
70 257 -375
71 177 250
71 176 125
71 174 375
71 257 500
72 231 250
72 257 -625
73 257 -125
74 257 -125
75 144 -250
75 143 -125
75 151 375
75 110 375
75 257 249.5
76 94 -125
76 77 375
76 80 125
76 81 250
76 86 375
76 159 -125
76 89 125
76 90 250
76 91 375
76 256 375
76 160 375
76 191 -125
76 241 -250
76 257 1000
77 159 375
77 80 -125
77 81 -250
77 257 -500.5
78 231 375
78 85 -375
78 87 375
78 84 -125
78 82 -500
78 83 -875
78 257 -1750
79 80 -125
79 81 -125
79 257 -125
80 159 125
80 81 -375
80 257 -125
81 159 250
81 257 -125
82 231 125
82 85 -125
82 87 125
82 84 -125
82 83 -375
82 257 -750
83 231 250
83 85 -250
83 87 250
83 84 -125
83 257 -1250
84 257 -250
85 87 375
85 231 375
85 257 249
86 94 375
86 89 -125
86 90 -250
86 91 -375
86 257 -1000.5
87 231 -125
87 257 250
88 89 -125
88 90 -125
88 91 -125
88 257 -250
89 94 125
89 90 -375
89 91 -500
89 257 -500
90 94 250
90 91 -875
90 257 -750
91 94 375
91 257 -1000
92 112 375
92 103 125
92 104 250
93 96 250
93 138 -250
93 101 250
93 99 -125
93 97 -375
93 257 -625
94 119 250
94 116 375
94 118 125
94 257 750
95 96 375
95 100 -125
95 167 375
95 217 375
95 220 -125
95 226 -250
95 257 375
96 100 125
96 138 375
96 101 -125
96 97 125
96 257 -125.5
97 138 -125
97 101 125
97 99 -125
97 257 -375
98 103 -125
98 104 -125
98 257 -125
99 257 -125
100 257 -125
101 138 375
102 257 249.5
103 112 -125
103 104 -375
103 257 -375
104 112 -250
104 257 -625
105 196 -250
105 208 125
105 209 250
105 206 375
105 257 750
106 112 -125
106 114 125
106 115 250
106 111 375
106 257 249.5
107 108 375
107 147 -125
107 111 375
107 186 375
107 180 -125
107 257 375
108 147 125
108 228 -125
108 229 125
108 198 250
108 257 -125.5
109 111 375
109 122 -375
109 150 375
109 134 375
109 123 -875
109 257 -1750
110 144 250
110 151 -125
110 143 125
111 112 375
111 114 -125
111 115 -250
111 122 375
111 150 -125
111 186 -125
111 180 125
111 134 -125
111 123 250
111 257 -250.5
112 114 125
112 115 250
112 257 500
113 114 -125
113 115 -125
113 257 -125
114 115 -375
114 257 -125
115 257 -125
116 118 -125
116 119 -250
116 257 -500.5
117 118 -125
117 119 -125
117 257 -125
118 119 -375
118 257 -125
119 257 -125
120 121 375
120 122 -125
120 129 -125
120 125 125
120 126 250
120 127 375
120 194 375
120 249 375
120 251 -125
120 252 -250
120 257 750
121 122 375
121 129 375
121 125 -125
121 126 -250
121 127 -375
121 211 375
121 257 -1000.5
122 129 -125
122 125 125
122 126 250
122 127 375
122 150 375
122 134 375
122 123 -250
122 257 750
123 150 250
123 134 250
123 257 -1250
124 125 -125
124 126 -125
124 127 -125
124 257 -250
125 129 125
125 126 -375
125 127 -500
125 257 -500
126 129 250
126 127 -875
126 257 -750
127 129 375
127 257 -1000
128 135 375
128 131 -125
128 132 -250
128 133 -375
128 257 -1000.5
129 257 499.5
130 131 -125
130 132 -125
130 133 -125
130 257 -250
131 135 125
131 132 -375
131 133 -500
131 257 -500
132 135 250
132 133 -875
132 257 -750
133 135 375
133 257 -1000
134 150 -125
134 257 250
135 161 -125
135 155 375
135 157 125
135 158 250
135 257 750
136 143 -125
136 144 -125
136 257 -125
137 219 -250
137 227 -125
137 255 375
137 233 375
137 257 249.5
138 139 375
138 141 125
138 142 250
138 257 500
139 141 -125
139 142 -250
139 257 -500.5
140 141 -125
140 142 -125
140 257 -125
141 142 -375
141 257 -125
142 257 -125
143 151 125
143 144 -375
143 257 -375
144 151 250
144 257 -625
145 182 -125
145 183 125
145 257 -125
146 242 -250
146 254 -125
146 192 375
146 257 400
147 257 -125
148 166 375
148 210 -125
148 187 -125
148 179 -125
148 257 625
149 254 -125
149 242 -125
149 257 -125
150 257 249.5
151 161 375
151 153 -125
151 154 -250
151 257 -500.5
152 153 -125
152 154 -125
152 257 -125
153 161 125
153 154 -375
153 257 -125
154 161 250
154 257 -125
155 161 375
155 157 -125
155 158 -250
155 257 -500.5
156 157 -125
156 158 -125
156 257 -125
157 161 125
157 158 -375
157 257 -125
158 161 250
158 257 -125
159 199 -125
159 194 375
159 257 375
160 256 -125
160 191 125
160 241 250
161 257 500
162 196 375
162 197 375
162 164 -125
162 165 -250
162 257 -500.5
163 164 -125
163 165 -125
163 257 -125
164 196 125
164 197 125
164 165 -375
164 257 -125
165 196 250
165 197 250
165 257 -125
166 167 375
166 173 -125
166 210 375
166 187 375
166 179 375
166 257 250
167 173 125
167 217 -125
167 220 125
167 226 250
167 257 -125.5
168 171 -125
168 202 375
168 172 125
168 188 250
169 172 -125
169 188 -125
169 257 -125
170 171 375
170 178 -125
170 183 375
170 257 375
171 178 125
171 202 375
171 172 125
171 188 250
171 257 -125.5
172 202 -125
172 188 -375
172 257 -375
173 257 -125
174 176 -125
174 177 -250
174 257 -500.5
175 176 -125
175 177 -125
175 257 -125
176 177 -375
176 257 -125
177 257 -125
178 257 -125
179 210 -125
179 187 -125
179 257 625
180 186 125
180 184 -125
180 257 -375
181 190 125
181 257 -125
182 183 375
182 257 375
183 257 -125.5
184 257 -125
185 191 -125
185 241 -125
185 257 -125
187 210 -125
187 257 625
188 202 -250
188 257 -625
189 224 250
189 225 375
189 201 -125
189 221 -125
189 223 125
189 257 249.5
190 216 -125
190 257 -250
191 256 125
191 241 -375
191 257 -375
192 242 250
192 254 125
193 257 249.5
194 199 125
194 249 -125
194 251 125
194 252 250
194 257 -125.5
195 232 250
195 234 250
195 243 -125
195 253 -375
195 257 -625
196 209 250
196 197 -125
196 206 375
196 208 125
196 257 1000
197 257 500
198 228 250
198 229 -375
198 257 -625
199 257 -125
200 201 375
200 202 -125
200 204 125
200 205 250
200 244 375
200 245 375
200 247 -125
200 248 -250
200 257 500
201 202 375
201 204 -125
201 205 -250
201 221 -125
201 223 125
201 224 250
201 225 375
201 257 -250.5
202 204 125
202 205 250
202 257 500
203 204 -125
203 205 -125
203 257 -125
204 205 -375
204 257 -125
205 257 -125
206 208 -125
206 209 -250
206 257 -500.5
207 208 -125
207 209 -125
207 257 -125
208 209 -375
208 257 -125
209 257 -125
210 211 375
210 213 -125
210 214 -250
210 257 124.5
211 213 125
211 214 250
211 257 500
212 213 -125
212 214 -125
212 257 -125
213 214 -375
213 257 -125
214 257 -125
215 257 -125
216 257 125
217 220 125
217 226 250
218 220 -125
218 226 -125
218 257 -125
219 255 250
219 233 250
219 230 -125
219 227 -375
219 257 -625
220 226 -375
220 257 -375
221 223 125
221 224 250
221 225 375
221 257 250
222 223 -125
222 224 -125
222 225 -125
222 257 -250
223 224 -375
223 225 -500
223 257 -750
224 225 -875
224 257 -1250
225 257 -1750
226 257 -625
227 255 125
227 233 125
227 230 -125
227 257 -375
228 229 125
229 257 -375
230 257 -125
231 257 249
232 234 -125
232 253 125
233 255 -125
234 253 125
235 236 -125
235 238 125
235 239 250
235 240 375
235 257 250
236 238 125
236 239 250
236 240 375
236 257 250
237 238 -125
237 239 -125
237 240 -125
237 257 -250
238 239 -375
238 240 -500
238 257 -750
239 240 -875
239 257 -1250
240 257 -1750
241 256 250
241 257 -625
242 254 -375
242 257 -625
243 253 -125
243 257 -125
244 245 -125
244 247 125
244 248 250
245 247 125
245 248 250
246 247 -125
246 248 -125
246 257 -125
247 248 -375
247 257 -375
248 257 -625
249 251 125
249 252 250
250 251 -125
250 252 -125
250 257 -125
251 252 -375
251 257 -375
252 257 -625
253 257 -375
254 257 -375
255 257 -0.5
