684 2780
1 0 -375.0
2 0 125.0
2 1 -375.0
3 0 125.0
3 1 -375.0
3 2 125.0
5 0 -125.0
5 1 125.0
5 2 -125.0
5 3 -125.0
5 4 125.0
6 0 -250.0
6 1 250.0
6 2 -250.0
6 3 -250.0
6 4 125.0
6 5 375.0
7 0 -375.0
7 1 375.0
7 2 -375.0
7 3 -375.0
7 4 125.0
7 5 500.0
7 6 875.0
9 8 -375.0
11 8 -125.0
11 9 125.0
11 10 125.0
13 12 -375.0
15 12 -125.0
15 13 125.0
15 14 125.0
17 16 -375.0
18 16 125.0
18 17 -375.0
19 16 125.0
19 17 -375.0
19 18 125.0
20 16 125.0
20 17 -375.0
20 18 125.0
20 19 125.0
21 16 125.0
21 17 -375.0
21 18 125.0
21 19 250.0
21 20 125.0
23 16 -125.0
23 17 125.0
23 18 -125.0
23 19 -125.0
23 20 -125.0
23 21 -125.0
23 22 125.0
24 16 -250.0
24 17 250.0
24 18 -250.0
24 19 -250.0
24 20 -250.0
24 21 -250.0
24 22 125.0
24 23 375.0
25 16 -375.0
25 17 375.0
25 18 -375.0
25 19 -375.0
25 20 -375.0
25 21 -375.0
25 22 125.0
25 23 500.0
25 24 875.0
26 16 -500.0
26 17 500.0
26 18 -500.0
26 19 -500.0
26 20 -500.0
26 21 -500.0
26 22 125.0
26 23 625.0
26 24 1125.0
26 25 1625.0
27 16 -625.0
27 17 625.0
27 18 -625.0
27 19 -625.0
27 20 -625.0
27 21 -625.0
27 22 125.0
27 23 750.0
27 24 1375.0
27 25 2000.0
27 26 2625.0
29 28 -375.0
30 28 125.0
30 29 -375.0
31 28 125.0
31 29 -375.0
31 30 125.0
33 28 -125.0
33 29 125.0
33 30 -125.0
33 31 -125.0
33 32 125.0
34 28 -250.0
34 29 250.0
34 30 -250.0
34 31 -250.0
34 32 125.0
34 33 375.0
35 28 -375.0
35 29 375.0
35 30 -375.0
35 31 -375.0
35 32 125.0
35 33 500.0
35 34 875.0
37 36 -375.0
38 19 125.0
38 21 125.0
38 36 125.0
38 37 -375.0
39 36 125.0
39 37 -375.0
39 38 125.0
41 36 -125.0
41 37 125.0
41 38 -125.0
41 39 -125.0
41 40 125.0
42 36 -250.0
42 37 250.0
42 38 -250.0
42 39 -250.0
42 40 125.0
42 41 375.0
43 36 -375.0
43 37 375.0
43 38 -375.0
43 39 -375.0
43 40 125.0
43 41 500.0
43 42 875.0
45 44 -375.0
47 44 -125.0
47 45 125.0
47 46 125.0
49 48 -375.0
51 48 -125.0
51 49 125.0
51 50 125.0
52 19 125.0
52 21 125.0
52 38 125.0
52 39 125.0
53 39 -375.0
53 52 -375.0
54 28 125.0
54 39 125.0
54 52 125.0
54 53 -375.0
56 39 -125.0
56 52 -125.0
56 53 125.0
56 54 -125.0
56 55 125.0
57 39 -250.0
57 52 -250.0
57 53 250.0
57 54 -250.0
57 55 125.0
57 56 375.0
58 39 -375.0
58 52 -375.0
58 53 375.0
58 54 -375.0
58 55 125.0
58 56 500.0
58 57 875.0
60 59 -375.0
61 59 125.0
61 60 -375.0
62 59 125.0
62 60 -375.0
62 61 250.0
64 59 -125.0
64 60 125.0
64 61 -125.0
64 62 -125.0
64 63 125.0
65 59 -250.0
65 60 250.0
65 61 -250.0
65 62 -250.0
65 63 125.0
65 64 375.0
66 59 -375.0
66 60 375.0
66 61 -375.0
66 62 -375.0
66 63 125.0
66 64 500.0
66 65 875.0
68 67 -375.0
70 67 -125.0
70 68 125.0
70 69 125.0
72 71 -375.0
74 71 -125.0
74 72 125.0
74 73 125.0
76 75 -375.0
78 75 -125.0
78 76 125.0
78 77 125.0
80 79 -375.0
82 79 -125.0
82 80 125.0
82 81 125.0
84 83 -375.0
85 83 125.0
85 84 -375.0
87 83 -125.0
87 84 125.0
87 85 -125.0
87 86 125.0
88 83 -250.0
88 84 250.0
88 85 -250.0
88 86 125.0
88 87 375.0
90 0 -375.0
90 12 -375.0
90 89 -375.0
91 89 125.0
91 90 -375.0
92 89 125.0
92 90 -375.0
92 91 125.0
93 89 125.0
93 90 -375.0
93 91 125.0
93 92 125.0
94 89 125.0
94 90 -375.0
94 91 125.0
94 92 125.0
94 93 125.0
95 76 -375.0
95 89 125.0
95 90 -375.0
95 91 125.0
95 92 125.0
95 93 125.0
95 94 125.0
97 89 -125.0
97 90 125.0
97 91 -125.0
97 92 -125.0
97 93 -125.0
97 94 -125.0
97 95 -125.0
97 96 125.0
98 89 -250.0
98 90 250.0
98 91 -250.0
98 92 -250.0
98 93 -250.0
98 94 -250.0
98 95 -250.0
98 96 125.0
98 97 375.0
99 89 -375.0
99 90 375.0
99 91 -375.0
99 92 -375.0
99 93 -375.0
99 94 -375.0
99 95 -375.0
99 96 125.0
99 97 500.0
99 98 875.0
100 89 -500.0
100 90 500.0
100 91 -500.0
100 92 -500.0
100 93 -500.0
100 94 -500.0
100 95 -500.0
100 96 125.0
100 97 625.0
100 98 1125.0
100 99 1625.0
101 89 -625.0
101 90 625.0
101 91 -625.0
101 92 -625.0
101 93 -625.0
101 94 -625.0
101 95 -625.0
101 96 125.0
101 97 750.0
101 98 1375.0
101 99 2000.0
101 100 2625.0
102 89 -750.0
102 90 750.0
102 91 -750.0
102 92 -750.0
102 93 -750.0
102 94 -750.0
102 95 -750.0
102 96 125.0
102 97 875.0
102 98 1625.0
102 99 2375.0
102 100 3125.0
102 101 3875.0
103 89 125.0
104 89 -375.0
104 103 -375.0
106 89 -125.0
106 103 -125.0
106 104 125.0
106 105 125.0
107 89 -250.0
107 103 -250.0
107 104 250.0
107 105 125.0
107 106 375.0
108 31 125.0
109 31 -375.0
109 108 -375.0
110 17 -375.0
110 31 125.0
110 108 125.0
110 109 -375.0
112 31 -125.0
112 108 -125.0
112 109 125.0
112 110 -125.0
112 111 125.0
113 31 -250.0
113 108 -250.0
113 109 250.0
113 110 -250.0
113 111 125.0
113 112 375.0
114 31 -375.0
114 108 -375.0
114 109 375.0
114 110 -375.0
114 111 125.0
114 112 500.0
114 113 875.0
116 115 -375.0
117 115 125.0
117 116 -375.0
119 115 -125.0
119 116 125.0
119 117 -125.0
119 118 125.0
120 115 -250.0
120 116 250.0
120 117 -250.0
120 118 125.0
120 119 375.0
122 121 -375.0
124 121 -125.0
124 122 125.0
124 123 125.0
125 53 -375.0
126 125 -375.0
127 53 -375.0
127 125 125.0
127 126 -375.0
129 125 -125.0
129 126 125.0
129 127 -125.0
129 128 125.0
130 125 -250.0
130 126 250.0
130 127 -250.0
130 128 125.0
130 129 375.0
132 131 -375.0
134 131 -125.0
134 132 125.0
134 133 125.0
135 72 -375.0
136 131 -375.0
136 135 -375.0
138 135 -125.0
138 136 125.0
138 137 125.0
139 59 125.0
140 59 -375.0
140 139 -375.0
141 59 125.0
141 139 125.0
141 140 -375.0
143 59 -125.0
143 139 -125.0
143 140 125.0
143 141 -125.0
143 142 125.0
144 59 -250.0
144 139 -250.0
144 140 250.0
144 141 -250.0
144 142 125.0
144 143 375.0
145 59 -375.0
145 139 -375.0
145 140 375.0
145 141 -375.0
145 142 125.0
145 143 500.0
145 144 875.0
146 61 125.0
146 62 125.0
147 146 -375.0
148 146 125.0
148 147 -375.0
150 146 -125.0
150 147 125.0
150 148 -125.0
150 149 125.0
151 146 -250.0
151 147 250.0
151 148 -250.0
151 149 125.0
151 150 375.0
153 152 -375.0
154 152 125.0
154 153 -375.0
156 152 -125.0
156 153 125.0
156 154 -125.0
156 155 125.0
157 152 -250.0
157 153 250.0
157 154 -250.0
157 155 125.0
157 156 375.0
158 79 -375.0
160 79 -125.0
160 158 125.0
160 159 125.0
161 154 125.0
162 154 -375.0
162 161 -375.0
164 154 -125.0
164 161 -125.0
164 162 125.0
164 163 125.0
165 154 -250.0
165 161 -250.0
165 162 250.0
165 163 125.0
165 164 375.0
166 83 -375.0
168 83 -125.0
168 166 125.0
168 167 125.0
170 169 -375.0
172 169 -125.0
172 170 125.0
172 171 125.0
173 79 -375.0
175 79 -125.0
175 173 125.0
175 174 125.0
177 176 -375.0
178 176 125.0
178 177 -375.0
180 176 -125.0
180 177 125.0
180 178 -125.0
180 179 125.0
181 176 -250.0
181 177 250.0
181 178 -250.0
181 179 125.0
181 180 375.0
182 108 -375.0
184 108 -125.0
184 182 125.0
184 183 125.0
185 84 -375.0
186 71 -375.0
186 185 -375.0
188 185 -125.0
188 186 125.0
188 187 125.0
189 126 -375.0
190 189 -375.0
191 126 -375.0
191 189 125.0
191 190 -375.0
193 189 -125.0
193 190 125.0
193 191 -125.0
193 192 125.0
194 189 -250.0
194 190 250.0
194 191 -250.0
194 192 125.0
194 193 375.0
195 91 -375.0
197 91 -125.0
197 195 125.0
197 196 125.0
198 44 125.0
198 67 125.0
199 67 -375.0
199 198 -375.0
201 67 -125.0
201 198 -125.0
201 199 125.0
201 200 125.0
202 67 -250.0
202 198 -250.0
202 199 250.0
202 200 125.0
202 201 375.0
203 16 -375.0
203 18 -375.0
204 18 125.0
204 203 -375.0
206 18 -125.0
206 203 125.0
206 204 -125.0
206 205 125.0
207 18 -250.0
207 203 250.0
207 204 -250.0
207 205 125.0
207 206 375.0
208 17 -375.0
208 19 125.0
208 21 125.0
208 38 125.0
208 52 125.0
209 19 -375.0
209 21 -375.0
209 36 -375.0
209 38 -375.0
209 52 -375.0
209 91 -375.0
209 208 -375.0
210 13 -375.0
210 19 125.0
210 21 125.0
210 38 125.0
210 52 125.0
210 208 125.0
210 209 -375.0
211 19 125.0
211 21 125.0
211 38 125.0
211 52 125.0
211 203 -375.0
211 208 125.0
211 209 -375.0
211 210 125.0
213 19 -125.0
213 21 -125.0
213 38 -125.0
213 52 -125.0
213 208 -125.0
213 209 125.0
213 210 -125.0
213 211 -125.0
213 212 125.0
214 19 -250.0
214 21 -250.0
214 38 -250.0
214 52 -250.0
214 208 -250.0
214 209 250.0
214 210 -250.0
214 211 -250.0
214 212 125.0
214 213 375.0
215 19 -375.0
215 21 -375.0
215 38 -375.0
215 52 -375.0
215 208 -375.0
215 209 375.0
215 210 -375.0
215 211 -375.0
215 212 125.0
215 213 500.0
215 214 875.0
216 19 -500.0
216 21 -500.0
216 38 -500.0
216 52 -500.0
216 208 -500.0
216 209 500.0
216 210 -500.0
216 211 -500.0
216 212 125.0
216 213 625.0
216 214 1125.0
216 215 1625.0
217 19 -625.0
217 21 -625.0
217 38 -625.0
217 52 -625.0
217 208 -625.0
217 209 625.0
217 210 -625.0
217 211 -625.0
217 212 125.0
217 213 750.0
217 214 1375.0
217 215 2000.0
217 216 2625.0
218 19 -750.0
218 21 -750.0
218 38 -750.0
218 52 -750.0
218 208 -750.0
218 209 750.0
218 210 -750.0
218 211 -750.0
218 212 125.0
218 213 875.0
218 214 1625.0
218 215 2375.0
218 216 3125.0
218 217 3875.0
219 19 -875.0
219 21 -875.0
219 38 -875.0
219 52 -875.0
219 208 -875.0
219 209 875.0
219 210 -875.0
219 211 -875.0
219 212 125.0
219 213 1000.0
219 214 1875.0
219 215 2750.0
219 216 3625.0
219 217 4500.0
219 218 5375.0
221 220 -375.0
222 1 -375.0
222 220 125.0
222 221 -375.0
224 220 -125.0
224 221 125.0
224 222 -125.0
224 223 125.0
225 220 -250.0
225 221 250.0
225 222 -250.0
225 223 125.0
225 224 375.0
227 48 -375.0
227 226 -375.0
229 226 -125.0
229 227 125.0
229 228 125.0
231 230 -375.0
232 170 -375.0
232 230 125.0
232 231 -375.0
234 230 -125.0
234 231 125.0
234 232 -125.0
234 233 125.0
235 230 -250.0
235 231 250.0
235 232 -250.0
235 233 125.0
235 234 375.0
236 8 125.0
236 152 125.0
237 152 -375.0
237 236 -375.0
239 152 -125.0
239 236 -125.0
239 237 125.0
239 238 125.0
240 152 -250.0
240 236 -250.0
240 237 250.0
240 238 125.0
240 239 375.0
241 1 -375.0
242 93 -375.0
242 241 -375.0
243 241 125.0
243 242 -375.0
244 147 -375.0
244 241 125.0
244 242 -375.0
244 243 125.0
245 44 125.0
245 198 125.0
245 241 125.0
245 242 -375.0
245 243 125.0
245 244 125.0
246 241 125.0
246 242 -375.0
246 243 125.0
246 244 125.0
246 245 125.0
247 45 -375.0
247 241 125.0
247 242 -375.0
247 243 125.0
247 244 125.0
247 245 125.0
247 246 125.0
249 241 -125.0
249 242 125.0
249 243 -125.0
249 244 -125.0
249 245 -125.0
249 246 -125.0
249 247 -125.0
249 248 125.0
250 241 -250.0
250 242 250.0
250 243 -250.0
250 244 -250.0
250 245 -250.0
250 246 -250.0
250 247 -250.0
250 248 125.0
250 249 375.0
251 241 -375.0
251 242 375.0
251 243 -375.0
251 244 -375.0
251 245 -375.0
251 246 -375.0
251 247 -375.0
251 248 125.0
251 249 500.0
251 250 875.0
252 241 -500.0
252 242 500.0
252 243 -500.0
252 244 -500.0
252 245 -500.0
252 246 -500.0
252 247 -500.0
252 248 125.0
252 249 625.0
252 250 1125.0
252 251 1625.0
253 241 -625.0
253 242 625.0
253 243 -625.0
253 244 -625.0
253 245 -625.0
253 246 -625.0
253 247 -625.0
253 248 125.0
253 249 750.0
253 250 1375.0
253 251 2000.0
253 252 2625.0
254 241 -750.0
254 242 750.0
254 243 -750.0
254 244 -750.0
254 245 -750.0
254 246 -750.0
254 247 -750.0
254 248 125.0
254 249 875.0
254 250 1625.0
254 251 2375.0
254 252 3125.0
254 253 3875.0
255 90 -375.0
256 255 -375.0
257 37 -375.0
257 255 125.0
257 256 -375.0
258 117 125.0
258 255 125.0
258 256 -375.0
258 257 125.0
260 255 -125.0
260 256 125.0
260 257 -125.0
260 258 -125.0
260 259 125.0
261 255 -250.0
261 256 250.0
261 257 -250.0
261 258 -250.0
261 259 125.0
261 260 375.0
262 255 -375.0
262 256 375.0
262 257 -375.0
262 258 -375.0
262 259 125.0
262 260 500.0
262 261 875.0
263 45 -375.0
264 246 -375.0
264 263 -375.0
266 263 -125.0
266 264 125.0
266 265 125.0
268 3 -375.0
268 267 -375.0
270 267 -125.0
270 268 125.0
270 269 125.0
272 271 -375.0
274 271 -125.0
274 272 125.0
274 273 125.0
275 141 -375.0
277 141 -125.0
277 275 125.0
277 276 125.0
278 169 -375.0
278 230 -375.0
280 169 -125.0
280 278 125.0
280 279 125.0
281 75 -375.0
281 92 -375.0
282 75 125.0
282 76 -375.0
282 281 -375.0
284 75 -125.0
284 281 125.0
284 282 -125.0
284 283 125.0
285 75 -250.0
285 281 250.0
285 282 -250.0
285 283 125.0
285 284 375.0
286 8 -375.0
286 103 -375.0
286 236 -375.0
288 8 -125.0
288 236 -125.0
288 286 125.0
288 287 125.0
289 8 -250.0
289 236 -250.0
289 286 250.0
289 287 125.0
289 288 375.0
290 148 125.0
290 242 -375.0
291 148 -375.0
291 290 -375.0
293 148 -125.0
293 290 -125.0
293 291 125.0
293 292 125.0
294 148 -250.0
294 290 -250.0
294 291 250.0
294 292 125.0
294 293 375.0
295 45 -375.0
296 295 -375.0
298 295 -125.0
298 296 125.0
298 297 125.0
299 44 -375.0
299 139 -375.0
299 198 -375.0
299 243 -375.0
299 245 -375.0
300 44 125.0
300 45 -375.0
300 198 125.0
300 245 125.0
300 299 -375.0
302 44 -125.0
302 198 -125.0
302 245 -125.0
302 299 125.0
302 300 -125.0
302 301 125.0
303 44 -250.0
303 198 -250.0
303 245 -250.0
303 299 250.0
303 300 -250.0
303 301 125.0
303 302 375.0
304 44 -375.0
304 198 -375.0
304 245 -375.0
304 299 375.0
304 300 -375.0
304 301 125.0
304 302 500.0
304 303 875.0
305 44 -500.0
305 198 -500.0
305 245 -500.0
305 299 500.0
305 300 -500.0
305 301 125.0
305 302 625.0
305 303 1125.0
305 304 1625.0
306 2 -375.0
306 176 -375.0
306 178 -375.0
306 220 -375.0
307 220 125.0
307 306 -375.0
308 147 -375.0
308 220 125.0
308 306 -375.0
308 307 125.0
309 220 125.0
309 306 -375.0
309 307 125.0
309 308 125.0
311 220 -125.0
311 306 125.0
311 307 -125.0
311 308 -125.0
311 309 -125.0
311 310 125.0
312 220 -250.0
312 306 250.0
312 307 -250.0
312 308 -250.0
312 309 -250.0
312 310 125.0
312 311 375.0
313 220 -375.0
313 306 375.0
313 307 -375.0
313 308 -375.0
313 309 -375.0
313 310 125.0
313 311 500.0
313 312 875.0
314 220 -500.0
314 306 500.0
314 307 -500.0
314 308 -500.0
314 309 -500.0
314 310 125.0
314 311 625.0
314 312 1125.0
314 313 1625.0
315 132 -375.0
316 161 -375.0
316 315 -375.0
318 315 -125.0
318 316 125.0
318 317 125.0
319 61 -375.0
319 62 -375.0
319 146 -375.0
321 61 -125.0
321 62 -125.0
321 146 -125.0
321 319 125.0
321 320 125.0
322 61 -250.0
322 62 -250.0
322 146 -250.0
322 319 250.0
322 320 125.0
322 321 375.0
323 61 -375.0
323 62 -375.0
323 146 -375.0
323 319 375.0
323 320 125.0
323 321 500.0
323 322 875.0
325 324 -375.0
327 324 -125.0
327 325 125.0
327 326 125.0
328 94 -375.0
328 117 -375.0
328 258 -375.0
328 307 -375.0
328 309 -375.0
330 117 -125.0
330 258 -125.0
330 328 125.0
330 329 125.0
331 117 -250.0
331 258 -250.0
331 328 250.0
331 329 125.0
331 330 375.0
332 28 -375.0
332 30 -375.0
332 54 -375.0
332 115 -375.0
334 28 -125.0
334 54 -125.0
334 332 125.0
334 333 125.0
335 28 -250.0
335 54 -250.0
335 332 250.0
335 333 125.0
335 334 375.0
336 122 -375.0
337 324 -375.0
337 336 -375.0
339 336 -125.0
339 337 125.0
339 338 125.0
340 2 -375.0
340 94 -375.0
340 147 125.0
340 244 -375.0
340 306 125.0
340 328 125.0
342 94 125.0
342 328 -125.0
342 340 -125.0
342 341 125.0
343 94 250.0
343 328 -250.0
343 340 -250.0
343 341 125.0
343 342 375.0
344 152 -375.0
346 152 125.0
346 344 -125.0
346 345 125.0
347 59 -375.0
347 122 125.0
347 245 -375.0
347 336 -375.0
348 59 -375.0
348 347 125.0
350 59 125.0
350 347 -125.0
350 348 -125.0
350 349 125.0
351 59 250.0
351 347 -250.0
351 348 -250.0
351 349 125.0
351 350 375.0
352 84 125.0
352 185 -375.0
354 84 -125.0
354 185 125.0
354 352 -125.0
354 353 125.0
355 84 -250.0
355 185 250.0
355 352 -250.0
355 353 125.0
355 354 375.0
356 16 -375.0
356 17 125.0
356 45 125.0
356 76 125.0
356 92 -375.0
356 203 125.0
356 208 -375.0
356 243 -375.0
356 281 125.0
356 282 -375.0
356 299 125.0
356 300 -375.0
357 16 -375.0
357 203 250.0
357 211 -375.0
357 356 125.0
358 16 -375.0
358 203 125.0
358 356 125.0
358 357 125.0
360 16 125.0
360 203 -125.0
360 356 -125.0
360 357 -125.0
360 358 -125.0
360 359 125.0
361 16 250.0
361 203 -250.0
361 356 -250.0
361 357 -250.0
361 358 -250.0
361 359 125.0
361 360 375.0
362 16 375.0
362 203 -375.0
362 356 -375.0
362 357 -375.0
362 358 -375.0
362 359 125.0
362 360 500.0
362 361 875.0
363 16 500.0
363 203 -500.0
363 356 -500.0
363 357 -500.0
363 358 -500.0
363 359 125.0
363 360 625.0
363 361 1125.0
363 362 1625.0
364 13 125.0
364 121 -375.0
364 210 -375.0
364 236 -375.0
366 121 125.0
366 364 -125.0
366 365 125.0
367 18 -375.0
367 44 -375.0
367 75 -375.0
367 108 -375.0
367 141 -375.0
367 169 -375.0
367 324 -375.0
367 337 125.0
369 75 125.0
369 367 -125.0
369 368 125.0
371 44 125.0
371 367 -125.0
371 370 125.0
372 45 125.0
372 204 -375.0
372 267 -375.0
372 295 -375.0
373 204 -375.0
373 372 125.0
375 204 125.0
375 372 -125.0
375 373 -125.0
375 374 125.0
376 204 250.0
376 372 -250.0
376 373 -250.0
376 374 125.0
376 375 375.0
377 89 -375.0
379 89 125.0
379 377 -125.0
379 378 125.0
380 71 -375.0
380 186 125.0
382 71 125.0
382 186 -125.0
382 380 -125.0
382 381 125.0
383 71 250.0
383 186 -250.0
383 380 -250.0
383 381 125.0
383 382 375.0
385 324 125.0
385 337 -125.0
385 367 -125.0
385 384 125.0
386 324 250.0
386 337 -250.0
386 367 -250.0
386 384 125.0
386 385 375.0
387 3 -375.0
387 76 125.0
387 95 -375.0
387 170 125.0
387 232 -375.0
387 268 125.0
389 170 -125.0
389 232 125.0
389 387 -125.0
389 388 125.0
390 170 -250.0
390 232 250.0
390 387 -250.0
390 388 125.0
390 389 375.0
391 53 125.0
391 125 -375.0
391 126 125.0
391 178 -375.0
391 189 -375.0
391 306 125.0
391 309 -375.0
391 328 125.0
393 53 -125.0
393 125 125.0
393 391 -125.0
393 392 125.0
394 53 -250.0
394 125 250.0
394 391 -250.0
394 392 125.0
394 393 375.0
395 19 -375.0
395 31 -375.0
396 31 -375.0
396 395 125.0
398 31 125.0
398 395 -125.0
398 396 -125.0
398 397 125.0
399 31 250.0
399 395 -250.0
399 396 -250.0
399 397 125.0
399 398 375.0
400 198 -375.0
402 198 125.0
402 400 -125.0
402 401 125.0
404 76 -125.0
404 95 125.0
404 387 -125.0
404 403 125.0
405 76 -250.0
405 95 250.0
405 387 -250.0
405 403 125.0
405 404 375.0
406 39 -375.0
406 54 -375.0
406 117 -375.0
406 146 -375.0
406 148 -375.0
406 220 -375.0
406 258 -375.0
408 258 125.0
408 406 -125.0
408 407 125.0
410 141 125.0
410 367 -125.0
410 409 125.0
412 3 125.0
412 268 -125.0
412 387 -125.0
412 411 125.0
413 3 250.0
413 268 -250.0
413 387 -250.0
413 411 125.0
413 412 375.0
414 1 125.0
414 28 -375.0
414 36 -375.0
414 61 -375.0
414 90 125.0
414 209 125.0
414 222 -375.0
414 242 125.0
414 255 -375.0
414 290 -375.0
416 1 -125.0
416 222 125.0
416 414 -125.0
416 415 125.0
417 1 -250.0
417 222 250.0
417 414 -250.0
417 415 125.0
417 416 375.0
418 45 125.0
418 300 -375.0
418 356 125.0
419 45 125.0
419 300 -375.0
419 356 125.0
419 418 125.0
420 45 125.0
420 300 -375.0
420 356 125.0
420 418 125.0
420 419 125.0
421 45 125.0
421 300 -375.0
421 356 125.0
421 418 125.0
421 419 125.0
421 420 125.0
422 45 125.0
422 300 -375.0
422 356 125.0
422 418 125.0
422 419 125.0
422 420 125.0
422 421 125.0
423 45 125.0
423 300 -375.0
423 356 125.0
423 418 125.0
423 419 125.0
423 420 125.0
423 421 125.0
423 422 125.0
425 45 -125.0
425 300 125.0
425 356 -125.0
425 418 -125.0
425 419 -125.0
425 420 -125.0
425 421 -125.0
425 422 -125.0
425 423 -125.0
425 424 125.0
426 45 -250.0
426 300 250.0
426 356 -250.0
426 418 -250.0
426 419 -250.0
426 420 -250.0
426 421 -250.0
426 422 -250.0
426 423 -250.0
426 424 125.0
426 425 375.0
427 45 -375.0
427 300 375.0
427 356 -375.0
427 418 -375.0
427 419 -375.0
427 420 -375.0
427 421 -375.0
427 422 -375.0
427 423 -375.0
427 424 125.0
427 425 500.0
427 426 875.0
428 45 -500.0
428 300 500.0
428 356 -500.0
428 418 -500.0
428 419 -500.0
428 420 -500.0
428 421 -500.0
428 422 -500.0
428 423 -500.0
428 424 125.0
428 425 625.0
428 426 1125.0
428 427 1625.0
429 45 -625.0
429 300 625.0
429 356 -625.0
429 418 -625.0
429 419 -625.0
429 420 -625.0
429 421 -625.0
429 422 -625.0
429 423 -625.0
429 424 125.0
429 425 750.0
429 426 1375.0
429 427 2000.0
429 428 2625.0
430 45 -750.0
430 300 750.0
430 356 -750.0
430 418 -750.0
430 419 -750.0
430 420 -750.0
430 421 -750.0
430 422 -750.0
430 423 -750.0
430 424 125.0
430 425 875.0
430 426 1625.0
430 427 2375.0
430 428 3125.0
430 429 3875.0
431 45 -875.0
431 300 875.0
431 356 -875.0
431 418 -875.0
431 419 -875.0
431 420 -875.0
431 421 -875.0
431 422 -875.0
431 423 -875.0
431 424 125.0
431 425 1000.0
431 426 1875.0
431 427 2750.0
431 428 3625.0
431 429 4500.0
431 430 5375.0
432 45 -1000.0
432 300 1000.0
432 356 -1000.0
432 418 -1000.0
432 419 -1000.0
432 420 -1000.0
432 421 -1000.0
432 422 -1000.0
432 423 -1000.0
432 424 125.0
432 425 1125.0
432 426 2125.0
432 427 3125.0
432 428 4125.0
432 429 5125.0
432 430 6125.0
432 431 7125.0
434 17 -125.0
434 208 125.0
434 356 -125.0
434 433 125.0
435 17 -250.0
435 208 250.0
435 356 -250.0
435 433 125.0
435 434 375.0
437 309 125.0
437 328 -125.0
437 391 -125.0
437 436 125.0
438 309 250.0
438 328 -250.0
438 391 -250.0
438 436 125.0
438 437 375.0
439 161 -375.0
439 316 125.0
441 161 125.0
441 316 -125.0
441 439 -125.0
441 440 125.0
442 161 250.0
442 316 -250.0
442 439 -250.0
442 440 125.0
442 441 375.0
443 48 -375.0
443 227 125.0
445 48 125.0
445 227 -125.0
445 443 -125.0
445 444 125.0
446 48 250.0
446 227 -250.0
446 443 -250.0
446 444 125.0
446 445 375.0
448 39 125.0
448 406 -125.0
448 447 125.0
449 226 -375.0
451 226 125.0
451 449 -125.0
451 450 125.0
452 45 125.0
452 203 125.0
452 211 -375.0
452 247 -375.0
452 357 125.0
454 45 -125.0
454 247 125.0
454 452 -125.0
454 453 125.0
455 45 -250.0
455 247 250.0
455 452 -250.0
455 453 125.0
455 454 375.0
456 62 -375.0
457 30 -375.0
457 62 -375.0
457 332 125.0
457 456 125.0
459 62 125.0
459 456 -125.0
459 457 -125.0
459 458 125.0
460 62 250.0
460 456 -250.0
460 457 -250.0
460 458 125.0
460 459 375.0
461 246 -375.0
461 264 125.0
462 246 -375.0
462 264 125.0
462 461 125.0
464 246 125.0
464 264 -125.0
464 461 -125.0
464 462 -125.0
464 463 125.0
465 246 250.0
465 264 -250.0
465 461 -250.0
465 462 -250.0
465 463 125.0
465 464 375.0
466 246 375.0
466 264 -375.0
466 461 -375.0
466 462 -375.0
466 463 125.0
466 464 500.0
466 465 875.0
467 148 -375.0
467 406 125.0
469 148 125.0
469 406 -125.0
469 467 -125.0
469 468 125.0
470 148 250.0
470 406 -250.0
470 467 -250.0
470 468 125.0
470 469 375.0
471 20 -375.0
473 20 125.0
473 471 -125.0
473 472 125.0
474 53 125.0
474 126 125.0
474 127 -375.0
474 176 -375.0
474 191 -375.0
474 306 125.0
474 307 -375.0
474 328 125.0
476 176 125.0
476 306 -125.0
476 474 -125.0
476 475 125.0
477 176 250.0
477 306 -250.0
477 474 -250.0
477 475 125.0
477 476 375.0
478 154 -375.0
480 154 125.0
480 478 -125.0
480 479 125.0
481 0 -375.0
481 90 125.0
483 0 125.0
483 90 -125.0
483 481 -125.0
483 482 125.0
484 0 250.0
484 90 -250.0
484 481 -250.0
484 482 125.0
484 483 375.0
486 36 125.0
486 209 -125.0
486 414 -125.0
486 485 125.0
487 36 250.0
487 209 -250.0
487 414 -250.0
487 485 125.0
487 486 375.0
488 92 -375.0
488 243 -375.0
488 281 125.0
488 299 125.0
488 356 250.0
489 92 -375.0
489 230 -375.0
489 278 125.0
489 281 125.0
489 356 125.0
489 488 125.0
491 92 125.0
491 281 -125.0
491 356 -125.0
491 488 -125.0
491 489 -125.0
491 490 125.0
492 92 250.0
492 281 -250.0
492 356 -250.0
492 488 -250.0
492 489 -250.0
492 490 125.0
492 491 375.0
493 92 375.0
493 281 -375.0
493 356 -375.0
493 488 -375.0
493 489 -375.0
493 490 125.0
493 491 500.0
493 492 875.0
494 92 500.0
494 281 -500.0
494 356 -500.0
494 488 -500.0
494 489 -500.0
494 490 125.0
494 491 625.0
494 492 1125.0
494 493 1625.0
496 54 125.0
496 406 -125.0
496 495 125.0
497 28 -375.0
497 61 -375.0
497 414 250.0
499 61 125.0
499 414 -125.0
499 497 -125.0
499 498 125.0
500 61 250.0
500 414 -250.0
500 497 -250.0
500 498 125.0
500 499 375.0
501 2 -375.0
501 147 125.0
501 244 -375.0
501 306 125.0
501 340 250.0
503 147 -125.0
503 244 125.0
503 340 -125.0
503 501 -125.0
503 502 125.0
504 147 -250.0
504 244 250.0
504 340 -250.0
504 501 -250.0
504 502 125.0
504 503 375.0
505 147 -375.0
505 244 375.0
505 340 -375.0
505 501 -375.0
505 502 125.0
505 503 500.0
505 504 875.0
507 203 -125.0
507 211 125.0
507 357 -125.0
507 452 -125.0
507 506 125.0
508 203 -250.0
508 211 250.0
508 357 -250.0
508 452 -250.0
508 506 125.0
508 507 375.0
509 203 -375.0
509 211 375.0
509 357 -375.0
509 452 -375.0
509 506 125.0
509 507 500.0
509 508 875.0
511 13 -125.0
511 210 125.0
511 364 -125.0
511 510 125.0
512 13 -250.0
512 210 250.0
512 364 -250.0
512 510 125.0
512 511 375.0
514 53 -125.0
514 127 125.0
514 474 -125.0
514 513 125.0
515 53 -250.0
515 127 250.0
515 474 -250.0
515 513 125.0
515 514 375.0
517 122 -125.0
517 336 125.0
517 347 -125.0
517 516 125.0
518 122 -250.0
518 336 250.0
518 347 -250.0
518 516 125.0
518 517 375.0
519 30 -375.0
519 332 125.0
519 457 125.0
521 30 125.0
521 332 -125.0
521 457 -125.0
521 519 -125.0
521 520 125.0
522 30 250.0
522 332 -250.0
522 457 -250.0
522 519 -250.0
522 520 125.0
522 521 375.0
523 30 375.0
523 332 -375.0
523 457 -375.0
523 519 -375.0
523 520 125.0
523 521 500.0
523 522 875.0
524 103 -375.0
524 286 125.0
526 103 125.0
526 286 -125.0
526 524 -125.0
526 525 125.0
527 103 250.0
527 286 -250.0
527 524 -250.0
527 525 125.0
527 526 375.0
528 38 -375.0
530 38 125.0
530 528 -125.0
530 529 125.0
532 242 -125.0
532 290 125.0
532 414 -125.0
532 531 125.0
533 242 -250.0
533 290 250.0
533 414 -250.0
533 531 125.0
533 532 375.0
535 2 125.0
535 306 -125.0
535 340 -125.0
535 501 -125.0
535 534 125.0
536 2 250.0
536 306 -250.0
536 340 -250.0
536 501 -250.0
536 534 125.0
536 535 375.0
537 2 375.0
537 306 -375.0
537 340 -375.0
537 501 -375.0
537 534 125.0
537 535 500.0
537 536 875.0
538 12 -375.0
538 90 125.0
540 12 125.0
540 90 -125.0
540 538 -125.0
540 539 125.0
541 12 250.0
541 90 -250.0
541 538 -250.0
541 539 125.0
541 540 375.0
543 267 125.0
543 372 -125.0
543 542 125.0
544 1 125.0
544 241 -375.0
546 1 -125.0
546 241 125.0
546 544 -125.0
546 545 125.0
547 1 -250.0
547 241 250.0
547 544 -250.0
547 545 125.0
547 546 375.0
548 91 -375.0
548 209 125.0
549 91 -375.0
549 209 125.0
549 548 125.0
551 91 125.0
551 209 -125.0
551 548 -125.0
551 549 -125.0
551 550 125.0
552 91 250.0
552 209 -250.0
552 548 -250.0
552 549 -250.0
552 550 125.0
552 551 375.0
553 91 375.0
553 209 -375.0
553 548 -375.0
553 549 -375.0
553 550 125.0
553 551 500.0
553 552 875.0
554 85 -375.0
555 85 -375.0
555 554 125.0
556 85 -375.0
556 554 125.0
556 555 125.0
558 85 125.0
558 554 -125.0
558 555 -125.0
558 556 -125.0
558 557 125.0
559 85 250.0
559 554 -250.0
559 555 -250.0
559 556 -250.0
559 557 125.0
559 558 375.0
560 85 375.0
560 554 -375.0
560 555 -375.0
560 556 -375.0
560 557 125.0
560 558 500.0
560 559 875.0
561 72 125.0
561 135 -375.0
563 72 -125.0
563 135 125.0
563 561 -125.0
563 562 125.0
564 72 -250.0
564 135 250.0
564 561 -250.0
564 562 125.0
564 563 375.0
565 8 -375.0
565 52 -375.0
567 52 125.0
567 565 -125.0
567 566 125.0
569 245 125.0
569 347 -125.0
569 568 125.0
570 37 125.0
570 115 -375.0
570 257 -375.0
570 332 125.0
572 37 -125.0
572 257 125.0
572 570 -125.0
572 571 125.0
573 37 -250.0
573 257 250.0
573 570 -250.0
573 571 125.0
573 572 375.0
575 220 125.0
575 406 -125.0
575 574 125.0
576 67 -375.0
577 67 -375.0
577 576 125.0
579 67 125.0
579 576 -125.0
579 577 -125.0
579 578 125.0
580 67 250.0
580 576 -250.0
580 577 -250.0
580 578 125.0
580 579 375.0
582 169 125.0
582 367 -125.0
582 581 125.0
584 28 125.0
584 414 -125.0
584 497 -125.0
584 583 125.0
585 28 250.0
585 414 -250.0
585 497 -250.0
585 583 125.0
585 584 375.0
587 236 125.0
587 364 -125.0
587 586 125.0
588 93 -375.0
588 242 125.0
590 93 125.0
590 242 -125.0
590 588 -125.0
590 589 125.0
591 93 250.0
591 242 -250.0
591 588 -250.0
591 589 125.0
591 590 375.0
592 17 125.0
592 110 -375.0
592 139 -375.0
592 299 125.0
594 139 125.0
594 299 -125.0
594 592 -125.0
594 593 125.0
595 139 250.0
595 299 -250.0
595 592 -250.0
595 593 125.0
595 594 375.0
596 117 -375.0
596 146 -375.0
596 406 250.0
598 117 125.0
598 406 -125.0
598 596 -125.0
598 597 125.0
599 117 250.0
599 406 -250.0
599 596 -250.0
599 597 125.0
599 598 375.0
600 271 -375.0
602 271 125.0
602 600 -125.0
602 601 125.0
604 19 125.0
604 395 -125.0
604 603 125.0
606 17 -125.0
606 110 125.0
606 592 -125.0
606 605 125.0
607 17 -250.0
607 110 250.0
607 592 -250.0
607 605 125.0
607 606 375.0
608 45 125.0
608 263 -375.0
609 45 125.0
609 263 -375.0
609 608 125.0
611 45 -125.0
611 263 125.0
611 608 -125.0
611 609 -125.0
611 610 125.0
612 45 -250.0
612 263 250.0
612 608 -250.0
612 609 -250.0
612 610 125.0
612 611 375.0
613 45 -375.0
613 263 375.0
613 608 -375.0
613 609 -375.0
613 610 125.0
613 611 500.0
613 612 875.0
614 76 125.0
614 282 -375.0
614 356 125.0
616 76 -125.0
616 282 125.0
616 356 -125.0
616 614 -125.0
616 615 125.0
617 76 -250.0
617 282 250.0
617 356 -250.0
617 614 -250.0
617 615 125.0
617 616 375.0
618 76 -375.0
618 282 375.0
618 356 -375.0
618 614 -375.0
618 615 125.0
618 616 500.0
618 617 875.0
619 83 -375.0
620 83 -375.0
620 619 125.0
622 83 125.0
622 619 -125.0
622 620 -125.0
622 621 125.0
623 83 250.0
623 619 -250.0
623 620 -250.0
623 621 125.0
623 622 375.0
624 79 -375.0
626 79 125.0
626 624 -125.0
626 625 125.0
628 18 125.0
628 367 -125.0
628 627 125.0
630 126 -125.0
630 189 125.0
630 391 -125.0
630 629 125.0
631 126 -250.0
631 189 250.0
631 391 -250.0
631 629 125.0
631 630 375.0
633 8 125.0
633 565 -125.0
633 632 125.0
635 126 -125.0
635 191 125.0
635 474 -125.0
635 634 125.0
636 126 -250.0
636 191 250.0
636 474 -250.0
636 634 125.0
636 635 375.0
637 132 125.0
637 315 -375.0
639 132 -125.0
639 315 125.0
639 637 -125.0
639 638 125.0
640 132 -250.0
640 315 250.0
640 637 -250.0
640 638 125.0
640 639 375.0
642 108 125.0
642 367 -125.0
642 641 125.0
643 131 -375.0
643 136 125.0
645 131 125.0
645 136 -125.0
645 643 -125.0
645 644 125.0
646 131 250.0
646 136 -250.0
646 643 -250.0
646 644 125.0
646 645 375.0
648 178 125.0
648 306 -125.0
648 391 -125.0
648 647 125.0
649 178 250.0
649 306 -250.0
649 391 -250.0
649 647 125.0
649 648 375.0
651 307 125.0
651 328 -125.0
651 474 -125.0
651 650 125.0
652 307 250.0
652 328 -250.0
652 474 -250.0
652 650 125.0
652 651 375.0
654 115 125.0
654 332 -125.0
654 570 -125.0
654 653 125.0
655 115 250.0
655 332 -250.0
655 570 -250.0
655 653 125.0
655 654 375.0
656 147 125.0
656 308 -375.0
658 147 -125.0
658 308 125.0
658 656 -125.0
658 657 125.0
659 147 -250.0
659 308 250.0
659 656 -250.0
659 657 125.0
659 658 375.0
661 146 125.0
661 406 -125.0
661 596 -125.0
661 660 125.0
662 146 250.0
662 406 -250.0
662 596 -250.0
662 660 125.0
662 661 375.0
663 21 -375.0
665 21 125.0
665 663 -125.0
665 664 125.0
666 90 125.0
666 255 -375.0
666 414 125.0
668 90 -125.0
668 255 125.0
668 414 -125.0
668 666 -125.0
668 667 125.0
669 90 -250.0
669 255 250.0
669 414 -250.0
669 666 -250.0
669 667 125.0
669 668 375.0
670 90 -375.0
670 255 375.0
670 414 -375.0
670 666 -375.0
670 667 125.0
670 668 500.0
670 669 875.0
671 243 -375.0
671 299 125.0
671 356 125.0
671 488 125.0
673 243 125.0
673 299 -125.0
673 356 -125.0
673 488 -125.0
673 671 -125.0
673 672 125.0
674 243 250.0
674 299 -250.0
674 356 -250.0
674 488 -250.0
674 671 -250.0
674 672 125.0
674 673 375.0
675 243 375.0
675 299 -375.0
675 356 -375.0
675 488 -375.0
675 671 -375.0
675 672 125.0
675 673 500.0
675 674 875.0
676 243 500.0
676 299 -500.0
676 356 -500.0
676 488 -500.0
676 671 -500.0
676 672 125.0
676 673 625.0
676 674 1125.0
676 675 1625.0
678 45 -125.0
678 295 125.0
678 372 -125.0
678 677 125.0
679 45 -250.0
679 295 250.0
679 372 -250.0
679 677 125.0
679 678 375.0
681 230 125.0
681 278 -125.0
681 489 -125.0
681 680 125.0
682 230 250.0
682 278 -250.0
682 489 -250.0
682 680 125.0
682 681 375.0
0 683 -750.0
1 683 1000.5
2 683 -750.0
3 683 -750.0
4 683 250.0
5 683 500.0
6 683 750.0
7 683 1000.0
8 683 -500.0
9 683 125.5
11 683 -125.0
12 683 -375.0
13 683 125.5
15 683 -125.0
16 683 -1500.0
17 683 2375.5
18 683 -1750.0
19 683 -4250.0
20 683 -1500.0
21 683 -4250.0
22 683 500.0
23 683 1625.0
24 683 2750.0
25 683 3875.0
26 683 5000.0
27 683 6125.0
28 683 -1000.0
29 683 1000.5
30 683 -750.0
31 683 -1250.0
32 683 250.0
33 683 500.0
34 683 750.0
35 683 1000.0
36 683 -750.0
37 683 1000.5
38 683 -3375.0
39 683 -1125.0
40 683 250.0
41 683 500.0
42 683 750.0
43 683 1000.0
44 683 -1125.0
45 683 -3499.5
47 683 -125.0
48 683 -375.0
49 683 125.5
51 683 -125.0
52 683 -3375.0
53 683 850.0
54 683 -875.0
55 683 250.0
56 683 500.0
57 683 750.0
58 683 1000.0
59 683 -1250.0
60 683 1000.5
61 683 -1250.0
62 683 -1250.0
63 683 250.0
64 683 500.0
65 683 750.0
66 683 1000.0
67 683 -625.0
68 683 125.5
70 683 -125.0
71 683 -375.0
72 683 125.5
74 683 -125.0
75 683 -500.0
76 683 -124.5
78 683 -125.0
79 683 -500.0
80 683 125.5
82 683 -125.0
83 683 -625.0
84 683 500.5
85 683 -500.0
86 683 125.0
87 683 125.0
88 683 125.0
89 683 -2375.0
90 683 3000.5
91 683 -2375.0
92 683 -2125.0
93 683 -2250.0
94 683 -2250.0
95 683 -2250.0
96 683 625.0
97 683 2375.0
98 683 4125.0
99 683 5875.0
100 683 7625.0
101 683 9375.0
102 683 11125.0
103 683 -500.0
104 683 500.5
105 683 125.0
106 683 125.0
107 683 125.0
108 683 -750.0
109 683 1000.5
110 683 -750.0
111 683 250.0
112 683 500.0
113 683 750.0
114 683 1000.0
115 683 -500.0
116 683 500.5
117 683 -750.0
118 683 125.0
119 683 125.0
120 683 125.0
121 683 -250.0
122 683 125.5
124 683 -125.0
125 683 -500.0
126 683 500.5
127 683 -500.0
128 683 125.0
129 683 125.0
130 683 125.0
131 683 -375.0
132 683 125.5
134 683 -125.0
135 683 -375.0
136 683 125.5
138 683 -125.0
139 683 -750.0
140 683 1000.5
141 683 -750.0
142 683 250.0
143 683 500.0
144 683 750.0
145 683 1000.0
146 683 -1000.0
147 683 250.5
148 683 -750.0
149 683 125.0
150 683 125.0
151 683 125.0
152 683 -625.0
153 683 500.5
154 683 -625.0
155 683 125.0
156 683 125.0
157 683 125.0
158 683 125.5
160 683 -125.0
161 683 -500.0
162 683 500.5
163 683 125.0
164 683 125.0
165 683 125.0
166 683 125.5
168 683 -125.0
169 683 -375.0
170 683 125.5
172 683 -125.0
173 683 125.5
175 683 -125.0
176 683 -500.0
177 683 500.5
178 683 -500.0
179 683 125.0
180 683 125.0
181 683 125.0
182 683 125.5
184 683 -125.0
185 683 -375.0
186 683 125.5
188 683 -125.0
189 683 -500.0
190 683 500.5
191 683 -500.0
192 683 125.0
193 683 125.0
194 683 125.0
195 683 125.5
197 683 -125.0
198 683 -1250.0
199 683 500.5
200 683 125.0
201 683 125.0
202 683 125.0
203 683 -374.5
204 683 -500.0
205 683 125.0
206 683 125.0
207 683 125.0
208 683 -3000.0
209 683 4000.5
210 683 -3000.0
211 683 -3000.0
212 683 750.0
213 683 3250.0
214 683 5750.0
215 683 8250.0
216 683 10750.0
217 683 13250.0
218 683 15750.0
219 683 18250.0
220 683 -1250.0
221 683 500.5
222 683 -500.0
223 683 125.0
224 683 125.0
225 683 125.0
226 683 -250.0
227 683 125.5
229 683 -125.0
230 683 -500.0
231 683 500.5
232 683 -500.0
233 683 125.0
234 683 125.0
235 683 125.0
236 683 -625.0
237 683 500.5
238 683 125.0
239 683 125.0
240 683 125.0
241 683 -2250.0
242 683 3250.5
243 683 -2125.0
244 683 -2250.0
245 683 -3000.0
246 683 -2250.0
247 683 -2250.0
248 683 625.0
249 683 2375.0
250 683 4125.0
251 683 5875.0
252 683 7625.0
253 683 9375.0
254 683 11125.0
255 683 -750.0
256 683 1000.5
257 683 -750.0
258 683 -875.0
259 683 250.0
260 683 500.0
261 683 750.0
262 683 1000.0
263 683 -375.0
264 683 -124.5
266 683 -125.0
267 683 -250.0
268 683 125.5
270 683 -125.0
271 683 -250.0
272 683 125.5
274 683 -125.0
275 683 125.5
277 683 -125.0
278 683 125.5
280 683 -125.0
281 683 -124.5
282 683 -500.0
283 683 125.0
284 683 125.0
285 683 125.0
286 683 500.5
287 683 125.0
288 683 125.0
289 683 125.0
290 683 -500.0
291 683 500.5
292 683 125.0
293 683 125.0
294 683 125.0
295 683 -375.0
296 683 125.5
298 683 -125.0
299 683 1000.5
300 683 750.0
301 683 375.0
302 683 1000.0
303 683 1625.0
304 683 2250.0
305 683 2875.0
306 683 1375.5
307 683 -1125.0
308 683 -1125.0
309 683 -1125.0
310 683 375.0
311 683 1000.0
312 683 1625.0
313 683 2250.0
314 683 2875.0
315 683 -375.0
316 683 125.5
318 683 -125.0
319 683 1000.5
320 683 250.0
321 683 500.0
322 683 750.0
323 683 1000.0
324 683 -375.0
325 683 125.5
327 683 -125.0
328 683 500.5
329 683 125.0
330 683 125.0
331 683 125.0
332 683 250.5
333 683 125.0
334 683 125.0
335 683 125.0
336 683 -375.0
337 683 125.5
339 683 -125.0
340 683 -500.0
341 683 125.0
342 683 375.0
343 683 625.0
344 683 125.0
346 683 125.0
347 683 125.0
349 683 125.0
350 683 375.0
351 683 625.0
353 683 125.0
354 683 375.0
355 683 625.0
356 683 -5500.0
357 683 -875.0
358 683 -625.0
359 683 375.0
360 683 1250.0
361 683 2125.0
362 683 3000.0
363 683 3875.0
364 683 250.0
366 683 125.0
367 683 750.0
369 683 125.0
371 683 125.0
372 683 125.0
374 683 125.0
375 683 375.0
376 683 625.0
377 683 125.0
379 683 125.0
381 683 125.0
382 683 375.0
383 683 625.0
384 683 125.0
385 683 375.0
386 683 625.0
388 683 125.0
389 683 375.0
390 683 625.0
392 683 125.0
393 683 375.0
394 683 625.0
395 683 125.0
397 683 125.0
398 683 375.0
399 683 625.0
400 683 125.0
402 683 125.0
403 683 125.0
404 683 375.0
405 683 625.0
406 683 500.0
408 683 125.0
410 683 125.0
411 683 125.0
412 683 375.0
413 683 625.0
414 683 -250.0
415 683 125.0
416 683 375.0
417 683 625.0
418 683 -3375.0
419 683 -3375.0
420 683 -3375.0
421 683 -3375.0
422 683 -3375.0
423 683 -3375.0
424 683 875.0
425 683 4500.0
426 683 8125.0
427 683 11750.0
428 683 15375.0
429 683 19000.0
430 683 22625.0
431 683 26250.0
432 683 29875.0
433 683 125.0
434 683 375.0
435 683 625.0
436 683 125.0
437 683 375.0
438 683 625.0
440 683 125.0
441 683 375.0
442 683 625.0
444 683 125.0
445 683 375.0
446 683 625.0
448 683 125.0
449 683 125.0
451 683 125.0
452 683 -250.0
453 683 125.0
454 683 375.0
455 683 625.0
457 683 -250.0
458 683 125.0
459 683 375.0
460 683 625.0
461 683 -250.0
462 683 -250.0
463 683 250.0
464 683 750.0
465 683 1250.0
466 683 1750.0
468 683 125.0
469 683 375.0
470 683 625.0
471 683 125.0
473 683 125.0
475 683 125.0
476 683 375.0
477 683 625.0
478 683 125.0
480 683 125.0
482 683 125.0
483 683 375.0
484 683 625.0
485 683 125.0
486 683 375.0
487 683 625.0
488 683 -1250.0
489 683 -625.0
490 683 375.0
491 683 1250.0
492 683 2125.0
493 683 3000.0
494 683 3875.0
496 683 125.0
498 683 125.0
499 683 375.0
500 683 625.0
501 683 -500.0
502 683 250.0
503 683 750.0
504 683 1250.0
505 683 1750.0
506 683 250.0
507 683 750.0
508 683 1250.0
509 683 1750.0
510 683 125.0
511 683 375.0
512 683 625.0
513 683 125.0
514 683 375.0
515 683 625.0
516 683 125.0
517 683 375.0
518 683 625.0
519 683 -250.0
520 683 250.0
521 683 750.0
522 683 1250.0
523 683 1750.0
525 683 125.0
526 683 375.0
527 683 625.0
528 683 125.0
530 683 125.0
531 683 125.0
532 683 375.0
533 683 625.0
534 683 250.0
535 683 750.0
536 683 1250.0
537 683 1750.0
539 683 125.0
540 683 375.0
541 683 625.0
543 683 125.0
545 683 125.0
546 683 375.0
547 683 625.0
548 683 -250.0
549 683 -250.0
550 683 250.0
551 683 750.0
552 683 1250.0
553 683 1750.0
554 683 -250.0
555 683 -250.0
556 683 -250.0
557 683 250.0
558 683 750.0
559 683 1250.0
560 683 1750.0
562 683 125.0
563 683 375.0
564 683 625.0
565 683 250.0
567 683 125.0
569 683 125.0
571 683 125.0
572 683 375.0
573 683 625.0
575 683 125.0
578 683 125.0
579 683 375.0
580 683 625.0
582 683 125.0
583 683 125.0
584 683 375.0
585 683 625.0
587 683 125.0
589 683 125.0
590 683 375.0
591 683 625.0
593 683 125.0
594 683 375.0
595 683 625.0
597 683 125.0
598 683 375.0
599 683 625.0
600 683 125.0
602 683 125.0
604 683 125.0
605 683 125.0
606 683 375.0
607 683 625.0
608 683 -250.0
609 683 -250.0
610 683 250.0
611 683 750.0
612 683 1250.0
613 683 1750.0
614 683 -250.0
615 683 250.0
616 683 750.0
617 683 1250.0
618 683 1750.0
621 683 125.0
622 683 375.0
623 683 625.0
624 683 125.0
626 683 125.0
628 683 125.0
629 683 125.0
630 683 375.0
631 683 625.0
633 683 125.0
634 683 125.0
635 683 375.0
636 683 625.0
638 683 125.0
639 683 375.0
640 683 625.0
642 683 125.0
644 683 125.0
645 683 375.0
646 683 625.0
647 683 125.0
648 683 375.0
649 683 625.0
650 683 125.0
651 683 375.0
652 683 625.0
653 683 125.0
654 683 375.0
655 683 625.0
657 683 125.0
658 683 375.0
659 683 625.0
660 683 125.0
661 683 375.0
662 683 625.0
663 683 125.0
665 683 125.0
666 683 -250.0
667 683 250.0
668 683 750.0
669 683 1250.0
670 683 1750.0
671 683 -625.0
672 683 375.0
673 683 1250.0
674 683 2125.0
675 683 3000.0
676 683 3875.0
677 683 125.0
678 683 375.0
679 683 625.0
680 683 125.0
681 683 375.0
682 683 625.0
