1204 3381
1 0 -375.0
3 0 -125.0
3 1 125.0
3 2 125.0
5 4 -375.0
7 4 -125.0
7 5 125.0
7 6 125.0
9 8 -375.0
11 8 -125.0
11 9 125.0
11 10 125.0
13 12 -375.0
15 12 -125.0
15 13 125.0
15 14 125.0
17 16 -375.0
19 16 -125.0
19 17 125.0
19 18 125.0
21 20 -375.0
23 20 -125.0
23 21 125.0
23 22 125.0
25 24 -375.0
26 24 125.0
26 25 -375.0
28 24 -125.0
28 25 125.0
28 26 -125.0
28 27 125.0
29 24 -250.0
29 25 250.0
29 26 -250.0
29 27 125.0
29 28 375.0
31 30 -375.0
33 30 -125.0
33 31 125.0
33 32 125.0
35 34 -375.0
36 34 125.0
36 35 -375.0
38 34 -125.0
38 35 125.0
38 36 -125.0
38 37 125.0
39 34 -250.0
39 35 250.0
39 36 -250.0
39 37 125.0
39 38 375.0
41 40 -375.0
43 40 -125.0
43 41 125.0
43 42 125.0
45 44 -375.0
47 44 -125.0
47 45 125.0
47 46 125.0
49 48 -375.0
51 48 -125.0
51 49 125.0
51 50 125.0
53 52 -375.0
54 52 125.0
54 53 -375.0
56 52 -125.0
56 53 125.0
56 54 -125.0
56 55 125.0
57 52 -250.0
57 53 250.0
57 54 -250.0
57 55 125.0
57 56 375.0
59 58 -375.0
61 58 -125.0
61 59 125.0
61 60 125.0
63 62 -375.0
64 62 125.0
64 63 -375.0
66 62 -125.0
66 63 125.0
66 64 -125.0
66 65 125.0
67 62 -250.0
67 63 250.0
67 64 -250.0
67 65 125.0
67 66 375.0
69 68 -375.0
70 68 125.0
70 69 -375.0
72 68 -125.0
72 69 125.0
72 70 -125.0
72 71 125.0
73 68 -250.0
73 69 250.0
73 70 -250.0
73 71 125.0
73 72 375.0
74 4 -375.0
76 4 -125.0
76 74 125.0
76 75 125.0
78 77 -375.0
80 77 -125.0
80 78 125.0
80 79 125.0
82 81 -375.0
84 81 -125.0
84 82 125.0
84 83 125.0
86 85 -375.0
88 85 -125.0
88 86 125.0
88 87 125.0
90 89 -375.0
92 89 -125.0
92 90 125.0
92 91 125.0
94 93 -375.0
96 93 -125.0
96 94 125.0
96 95 125.0
98 97 -375.0
100 97 -125.0
100 98 125.0
100 99 125.0
102 101 -375.0
104 101 -125.0
104 102 125.0
104 103 125.0
106 105 -375.0
108 105 -125.0
108 106 125.0
108 107 125.0
110 8 -375.0
110 109 -375.0
112 109 -125.0
112 110 125.0
112 111 125.0
113 63 -375.0
114 113 -375.0
116 113 -125.0
116 114 125.0
116 115 125.0
118 117 -375.0
120 117 -125.0
120 118 125.0
120 119 125.0
121 24 125.0
122 121 -375.0
124 121 -125.0
124 122 125.0
124 123 125.0
126 125 -375.0
128 125 -125.0
128 126 125.0
128 127 125.0
130 129 -375.0
132 129 -125.0
132 130 125.0
132 131 125.0
134 133 -375.0
136 133 -125.0
136 134 125.0
136 135 125.0
138 129 -375.0
138 137 -375.0
140 137 -125.0
140 138 125.0
140 139 125.0
142 141 -375.0
144 141 -125.0
144 142 125.0
144 143 125.0
146 145 -375.0
148 145 -125.0
148 146 125.0
148 147 125.0
149 90 -375.0
150 149 -375.0
152 149 -125.0
152 150 125.0
152 151 125.0
154 153 -375.0
156 153 -125.0
156 154 125.0
156 155 125.0
157 54 -375.0
159 54 -125.0
159 157 125.0
159 158 125.0
161 160 -375.0
163 160 -125.0
163 161 125.0
163 162 125.0
165 164 -375.0
167 164 -125.0
167 165 125.0
167 166 125.0
169 109 -375.0
169 168 -375.0
171 168 -125.0
171 169 125.0
171 170 125.0
172 21 -375.0
173 172 -375.0
175 172 -125.0
175 173 125.0
175 174 125.0
176 142 -375.0
177 16 -375.0
177 176 -375.0
179 176 -125.0
179 177 125.0
179 178 125.0
181 180 -375.0
183 180 -125.0
183 181 125.0
183 182 125.0
184 53 -375.0
185 184 -375.0
187 184 -125.0
187 185 125.0
187 186 125.0
189 188 -375.0
191 188 -125.0
191 189 125.0
191 190 125.0
193 192 -375.0
195 192 -125.0
195 193 125.0
195 194 125.0
196 86 -375.0
197 196 -375.0
199 196 -125.0
199 197 125.0
199 198 125.0
201 200 -375.0
203 200 -125.0
203 201 125.0
203 202 125.0
205 204 -375.0
206 58 125.0
206 204 125.0
206 205 -375.0
207 204 125.0
207 205 -375.0
207 206 125.0
209 204 -125.0
209 205 125.0
209 206 -125.0
209 207 -125.0
209 208 125.0
210 204 -250.0
210 205 250.0
210 206 -250.0
210 207 -250.0
210 208 125.0
210 209 375.0
211 204 -375.0
211 205 375.0
211 206 -375.0
211 207 -375.0
211 208 125.0
211 209 500.0
211 210 875.0
212 165 -375.0
213 212 -375.0
215 212 -125.0
215 213 125.0
215 214 125.0
216 185 -375.0
217 216 -375.0
219 216 -125.0
219 217 125.0
219 218 125.0
221 220 -375.0
222 81 125.0
222 220 125.0
222 221 -375.0
224 220 -125.0
224 221 125.0
224 222 -125.0
224 223 125.0
225 220 -250.0
225 221 250.0
225 222 -250.0
225 223 125.0
225 224 375.0
226 5 -375.0
227 226 -375.0
229 226 -125.0
229 227 125.0
229 228 125.0
231 230 -375.0
233 230 -125.0
233 231 125.0
233 232 125.0
235 234 -375.0
237 234 -125.0
237 235 125.0
237 236 125.0
239 238 -375.0
241 238 -125.0
241 239 125.0
241 240 125.0
243 242 -375.0
245 242 -125.0
245 243 125.0
245 244 125.0
246 150 -375.0
247 20 -375.0
247 246 -375.0
249 246 -125.0
249 247 125.0
249 248 125.0
251 250 -375.0
253 250 -125.0
253 251 125.0
253 252 125.0
255 160 -375.0
255 254 -375.0
257 254 -125.0
257 255 125.0
257 256 125.0
258 157 -375.0
259 254 -375.0
259 258 -375.0
261 258 -125.0
261 259 125.0
261 260 125.0
262 102 -375.0
263 68 -375.0
263 262 -375.0
265 262 -125.0
265 263 125.0
265 264 125.0
267 266 -375.0
269 266 -125.0
269 267 125.0
269 268 125.0
271 270 -375.0
273 270 -125.0
273 271 125.0
273 272 125.0
275 274 -375.0
277 274 -125.0
277 275 125.0
277 276 125.0
279 278 -375.0
280 278 125.0
280 279 -375.0
282 278 -125.0
282 279 125.0
282 280 -125.0
282 281 125.0
283 278 -250.0
283 279 250.0
283 280 -250.0
283 281 125.0
283 282 375.0
285 284 -375.0
287 284 -125.0
287 285 125.0
287 286 125.0
288 235 -375.0
289 230 -375.0
289 288 -375.0
291 288 -125.0
291 289 125.0
291 290 125.0
293 292 -375.0
295 292 -125.0
295 293 125.0
295 294 125.0
296 217 -375.0
297 204 -375.0
297 296 -375.0
298 239 -375.0
298 296 125.0
298 297 -375.0
300 296 -125.0
300 297 125.0
300 298 -125.0
300 299 125.0
301 296 -250.0
301 297 250.0
301 298 -250.0
301 299 125.0
301 300 375.0
302 1 -375.0
303 89 -375.0
303 302 -375.0
305 302 -125.0
305 303 125.0
305 304 125.0
307 234 -375.0
307 306 -375.0
308 306 125.0
308 307 -375.0
310 306 -125.0
310 307 125.0
310 308 -125.0
310 309 125.0
311 306 -250.0
311 307 250.0
311 308 -250.0
311 309 125.0
311 310 375.0
313 312 -375.0
315 312 -125.0
315 313 125.0
315 314 125.0
317 164 -375.0
317 316 -375.0
319 316 -125.0
319 317 125.0
319 318 125.0
321 320 -375.0
322 320 125.0
322 321 -375.0
324 320 -125.0
324 321 125.0
324 322 -125.0
324 323 125.0
325 320 -250.0
325 321 250.0
325 322 -250.0
325 323 125.0
325 324 375.0
327 326 -375.0
329 326 -125.0
329 327 125.0
329 328 125.0
331 330 -375.0
333 330 -125.0
333 331 125.0
333 332 125.0
335 334 -375.0
337 334 -125.0
337 335 125.0
337 336 125.0
339 338 -375.0
341 338 -125.0
341 339 125.0
341 340 125.0
342 322 -375.0
344 322 -125.0
344 342 125.0
344 343 125.0
346 345 -375.0
348 345 -125.0
348 346 125.0
348 347 125.0
349 227 -375.0
350 345 -375.0
350 349 -375.0
352 349 -125.0
352 350 125.0
352 351 125.0
354 13 125.0
354 353 -375.0
356 353 -125.0
356 354 125.0
356 355 125.0
357 327 -375.0
358 357 -375.0
360 357 -125.0
360 358 125.0
360 359 125.0
361 9 -375.0
362 361 -375.0
364 361 -125.0
364 362 125.0
364 363 125.0
365 267 -375.0
366 93 -375.0
366 365 -375.0
368 365 -125.0
368 366 125.0
368 367 125.0
369 320 -375.0
370 320 125.0
370 369 -375.0
372 320 -125.0
372 369 125.0
372 370 -125.0
372 371 125.0
373 320 -250.0
373 369 250.0
373 370 -250.0
373 371 125.0
373 372 375.0
375 374 -375.0
377 374 -125.0
377 375 125.0
377 376 125.0
378 213 -375.0
379 192 -375.0
379 378 -375.0
381 378 -125.0
381 379 125.0
381 380 125.0
383 382 -375.0
385 382 -125.0
385 383 125.0
385 384 125.0
387 386 -375.0
389 386 -125.0
389 387 125.0
389 388 125.0
390 346 -375.0
391 137 -375.0
391 390 -375.0
393 390 -125.0
393 391 125.0
393 392 125.0
394 193 -375.0
395 394 -375.0
397 394 -125.0
397 395 125.0
397 396 125.0
398 41 -375.0
399 238 -375.0
399 398 -375.0
401 398 -125.0
401 399 125.0
401 400 125.0
402 379 -375.0
403 402 -375.0
405 402 -125.0
405 403 125.0
405 404 125.0
406 173 -375.0
407 278 -375.0
407 406 -375.0
409 406 -125.0
409 407 125.0
409 408 125.0
410 134 -375.0
411 85 -375.0
411 410 -375.0
413 410 -125.0
413 411 125.0
413 412 125.0
414 13 -375.0
414 354 -375.0
415 330 -375.0
415 414 -375.0
416 354 -375.0
416 414 125.0
416 415 -375.0
418 414 -125.0
418 415 125.0
418 416 -125.0
418 417 125.0
419 414 -250.0
419 415 250.0
419 416 -250.0
419 417 125.0
419 418 375.0
420 26 -375.0
422 26 -125.0
422 420 125.0
422 421 125.0
423 154 -375.0
424 423 -375.0
426 423 -125.0
426 424 125.0
426 425 125.0
427 243 -375.0
428 266 -375.0
428 427 -375.0
430 427 -125.0
430 428 125.0
430 429 125.0
432 431 -375.0
434 431 -125.0
434 432 125.0
434 433 125.0
435 293 -375.0
436 316 -375.0
436 435 -375.0
438 435 -125.0
438 436 125.0
438 437 125.0
439 383 -375.0
440 439 -375.0
442 439 -125.0
442 440 125.0
442 441 125.0
444 0 -375.0
444 443 -375.0
446 443 -125.0
446 444 125.0
446 445 125.0
447 31 -375.0
448 243 125.0
448 427 -375.0
448 447 -375.0
450 447 -125.0
450 448 125.0
450 449 125.0
451 24 -375.0
451 121 -375.0
453 24 -125.0
453 121 -125.0
453 451 125.0
453 452 125.0
454 24 -250.0
454 121 -250.0
454 451 250.0
454 452 125.0
454 453 375.0
455 41 -375.0
456 455 -375.0
458 455 -125.0
458 456 125.0
458 457 125.0
459 403 -375.0
460 97 -375.0
460 459 -375.0
462 459 -125.0
462 460 125.0
462 461 125.0
463 122 -375.0
464 463 -375.0
466 463 -125.0
466 464 125.0
466 465 125.0
467 17 -375.0
468 467 -375.0
470 467 -125.0
470 468 125.0
470 469 125.0
472 30 -375.0
472 471 -375.0
474 471 -125.0
474 472 125.0
474 473 125.0
475 58 -375.0
475 206 -375.0
475 370 -375.0
476 58 125.0
476 206 125.0
476 475 -375.0
478 58 -125.0
478 206 -125.0
478 475 125.0
478 476 -125.0
478 477 125.0
479 58 -250.0
479 206 -250.0
479 475 250.0
479 476 -250.0
479 477 125.0
479 478 375.0
480 58 -375.0
480 206 -375.0
480 475 375.0
480 476 -375.0
480 477 125.0
480 478 500.0
480 479 875.0
481 145 125.0
482 145 -375.0
482 481 -375.0
484 145 -125.0
484 481 -125.0
484 482 125.0
484 483 125.0
485 145 -250.0
485 481 -250.0
485 482 250.0
485 483 125.0
485 484 375.0
487 471 -375.0
487 486 -375.0
489 486 -125.0
489 487 125.0
489 488 125.0
491 345 -375.0
491 350 125.0
491 490 -375.0
493 490 -125.0
493 491 125.0
493 492 125.0
494 440 -375.0
495 284 -375.0
495 494 -375.0
497 494 -125.0
497 495 125.0
497 496 125.0
498 52 -375.0
498 338 -375.0
500 52 -125.0
500 498 125.0
500 499 125.0
501 395 -375.0
502 501 -375.0
504 501 -125.0
504 502 125.0
504 503 125.0
506 34 -375.0
506 505 -375.0
507 505 125.0
507 506 -375.0
509 505 -125.0
509 506 125.0
509 507 -125.0
509 508 125.0
510 505 -250.0
510 506 250.0
510 507 -250.0
510 508 125.0
510 509 375.0
512 250 -375.0
512 511 -375.0
514 511 -125.0
514 512 125.0
514 513 125.0
516 78 125.0
516 515 -375.0
518 515 -125.0
518 516 125.0
518 517 125.0
519 41 -375.0
520 519 -375.0
522 519 -125.0
522 520 125.0
522 521 125.0
523 339 -375.0
524 511 -375.0
524 523 -375.0
526 523 -125.0
526 524 125.0
526 525 125.0
527 502 -375.0
528 44 -375.0
528 527 -375.0
530 527 -125.0
530 528 125.0
530 529 125.0
531 197 -375.0
532 220 -375.0
532 531 -375.0
534 531 -125.0
534 532 125.0
534 533 125.0
536 443 -375.0
536 535 -375.0
538 535 -125.0
538 536 125.0
538 537 125.0
539 48 125.0
539 82 -375.0
540 48 -375.0
540 539 -375.0
542 48 -125.0
542 539 -125.0
542 540 125.0
542 541 125.0
543 48 -250.0
543 539 -250.0
543 540 250.0
543 541 125.0
543 542 375.0
545 544 -375.0
547 544 -125.0
547 545 125.0
547 546 125.0
548 81 -375.0
548 222 -375.0
550 81 -125.0
550 222 -125.0
550 548 125.0
550 549 125.0
551 81 -250.0
551 222 -250.0
551 548 250.0
551 549 125.0
551 550 375.0
552 386 125.0
553 386 -375.0
553 481 -375.0
553 552 -375.0
555 386 -125.0
555 552 -125.0
555 553 125.0
555 554 125.0
556 386 -250.0
556 552 -250.0
556 553 250.0
556 554 125.0
556 555 375.0
557 285 -375.0
558 557 -375.0
560 557 -125.0
560 558 125.0
560 559 125.0
562 353 -375.0
562 561 -375.0
563 561 125.0
563 562 -375.0
565 561 -125.0
565 562 125.0
565 563 -125.0
565 564 125.0
566 561 -250.0
566 562 250.0
566 563 -250.0
566 564 125.0
566 565 375.0
567 161 -375.0
568 141 -375.0
568 567 -375.0
570 567 -125.0
570 568 125.0
570 569 125.0
571 275 -375.0
572 571 -375.0
574 571 -125.0
574 572 125.0
574 573 125.0
575 130 -375.0
576 188 -375.0
576 575 -375.0
578 575 -125.0
578 576 125.0
578 577 125.0
579 375 -375.0
580 68 -375.0
580 263 125.0
580 579 -375.0
582 579 -125.0
582 580 125.0
582 581 125.0
583 36 -375.0
585 36 -125.0
585 583 125.0
585 584 125.0
586 251 -375.0
587 586 -375.0
589 586 -125.0
589 587 125.0
589 588 125.0
590 279 -375.0
591 62 -375.0
591 590 -375.0
593 590 -125.0
593 591 125.0
593 592 125.0
594 271 -375.0
595 594 -375.0
597 594 -125.0
597 595 125.0
597 596 125.0
598 335 -375.0
599 308 -375.0
599 598 -375.0
601 598 -125.0
601 599 125.0
601 600 125.0
602 78 -375.0
602 516 -375.0
603 271 125.0
603 594 -375.0
603 602 -375.0
605 602 -125.0
605 603 125.0
605 604 125.0
607 306 -375.0
607 606 -375.0
609 606 -125.0
609 607 125.0
609 608 125.0
610 587 -375.0
611 544 -375.0
611 610 -375.0
613 610 -125.0
613 611 125.0
613 612 125.0
614 545 -375.0
615 614 -375.0
616 614 125.0
616 615 -375.0
618 614 -125.0
618 615 125.0
618 616 -125.0
618 617 125.0
619 614 -250.0
619 615 250.0
619 616 -250.0
619 617 125.0
619 618 375.0
620 207 -375.0
620 476 -375.0
622 207 -125.0
622 620 125.0
622 621 125.0
623 200 -375.0
623 616 -375.0
625 200 125.0
625 623 -125.0
625 624 125.0
626 339 125.0
626 523 -375.0
628 339 -125.0
628 523 125.0
628 626 -125.0
628 627 125.0
629 339 -250.0
629 523 250.0
629 626 -250.0
629 627 125.0
629 628 375.0
630 235 125.0
630 288 -375.0
631 235 125.0
631 288 -375.0
631 630 125.0
633 235 -125.0
633 288 125.0
633 630 -125.0
633 631 -125.0
633 632 125.0
634 235 -250.0
634 288 250.0
634 630 -250.0
634 631 -250.0
634 632 125.0
634 633 375.0
635 235 -375.0
635 288 375.0
635 630 -375.0
635 631 -375.0
635 632 125.0
635 633 500.0
635 634 875.0
636 316 -375.0
636 436 125.0
638 316 125.0
638 436 -125.0
638 636 -125.0
638 637 125.0
639 316 250.0
639 436 -250.0
639 636 -250.0
639 637 125.0
639 638 375.0
640 481 -375.0
640 553 125.0
642 481 125.0
642 553 -125.0
642 640 -125.0
642 641 125.0
643 481 250.0
643 553 -250.0
643 640 -250.0
643 641 125.0
643 642 375.0
644 217 125.0
644 239 125.0
644 296 -375.0
644 298 -375.0
646 217 -125.0
646 296 125.0
646 644 -125.0
646 645 125.0
647 217 -250.0
647 296 250.0
647 644 -250.0
647 645 125.0
647 646 375.0
648 279 125.0
648 590 -375.0
650 279 -125.0
650 590 125.0
650 648 -125.0
650 649 125.0
651 279 -250.0
651 590 250.0
651 648 -250.0
651 649 125.0
651 650 375.0
652 137 -375.0
652 391 125.0
654 137 125.0
654 391 -125.0
654 652 -125.0
654 653 125.0
655 137 250.0
655 391 -250.0
655 652 -250.0
655 653 125.0
655 654 375.0
656 121 -375.0
658 121 125.0
658 656 -125.0
658 657 125.0
659 68 -375.0
659 263 125.0
659 580 125.0
661 68 125.0
661 263 -125.0
661 580 -125.0
661 659 -125.0
661 660 125.0
662 68 250.0
662 263 -250.0
662 580 -250.0
662 659 -250.0
662 660 125.0
662 661 375.0
663 68 375.0
663 263 -375.0
663 580 -375.0
663 659 -375.0
663 660 125.0
663 661 500.0
663 662 875.0
664 133 -375.0
666 133 125.0
666 664 -125.0
666 665 125.0
667 274 -375.0
668 274 -375.0
668 667 125.0
670 274 125.0
670 667 -125.0
670 668 -125.0
670 669 125.0
671 274 250.0
671 667 -250.0
671 668 -250.0
671 669 125.0
671 670 375.0
672 440 125.0
672 494 -375.0
674 440 -125.0
674 494 125.0
674 672 -125.0
674 673 125.0
675 440 -250.0
675 494 250.0
675 672 -250.0
675 673 125.0
675 674 375.0
676 326 -375.0
676 505 -375.0
678 326 125.0
678 676 -125.0
678 677 125.0
679 153 -375.0
681 153 125.0
681 679 -125.0
681 680 125.0
682 70 -375.0
682 431 -375.0
684 431 125.0
684 682 -125.0
684 683 125.0
685 587 125.0
685 610 -375.0
687 587 -125.0
687 610 125.0
687 685 -125.0
687 686 125.0
688 587 -250.0
688 610 250.0
688 685 -250.0
688 686 125.0
688 687 375.0
689 254 -375.0
689 259 125.0
691 254 125.0
691 259 -125.0
691 689 -125.0
691 690 125.0
692 254 250.0
692 259 -250.0
692 689 -250.0
692 690 125.0
692 691 375.0
693 109 -375.0
693 169 125.0
695 109 125.0
695 169 -125.0
695 693 -125.0
695 694 125.0
696 109 250.0
696 169 -250.0
696 693 -250.0
696 694 125.0
696 695 375.0
697 58 -375.0
697 125 -375.0
697 204 -375.0
697 297 125.0
699 58 125.0
699 697 -125.0
699 698 125.0
700 105 -375.0
702 105 125.0
702 700 -125.0
702 701 125.0
703 41 125.0
703 398 -375.0
705 41 -125.0
705 398 125.0
705 703 -125.0
705 704 125.0
706 41 -250.0
706 398 250.0
706 703 -250.0
706 704 125.0
706 705 375.0
707 54 -375.0
709 54 125.0
709 707 -125.0
709 708 125.0
710 21 125.0
710 89 -375.0
710 172 -375.0
710 303 125.0
712 89 125.0
712 303 -125.0
712 710 -125.0
712 711 125.0
713 89 250.0
713 303 -250.0
713 710 -250.0
713 711 125.0
713 712 375.0
714 220 -375.0
714 532 125.0
716 220 125.0
716 532 -125.0
716 714 -125.0
716 715 125.0
717 220 250.0
717 532 -250.0
717 714 -250.0
717 715 125.0
717 716 375.0
718 13 125.0
718 354 250.0
718 414 -375.0
718 416 -375.0
720 354 -125.0
720 416 125.0
720 718 -125.0
720 719 125.0
721 354 -250.0
721 416 250.0
721 718 -250.0
721 719 125.0
721 720 375.0
722 24 -375.0
724 24 125.0
724 722 -125.0
724 723 125.0
725 165 125.0
725 212 -375.0
727 165 -125.0
727 212 125.0
727 725 -125.0
727 726 125.0
728 165 -250.0
728 212 250.0
728 725 -250.0
728 726 125.0
728 727 375.0
729 227 125.0
729 349 -375.0
731 227 -125.0
731 349 125.0
731 729 -125.0
731 730 125.0
732 227 -250.0
732 349 250.0
732 729 -250.0
732 730 125.0
732 731 375.0
733 243 125.0
733 427 -375.0
733 448 125.0
735 243 -125.0
735 427 125.0
735 448 -125.0
735 733 -125.0
735 734 125.0
736 243 -250.0
736 427 250.0
736 448 -250.0
736 733 -250.0
736 734 125.0
736 735 375.0
737 243 -375.0
737 427 375.0
737 448 -375.0
737 733 -375.0
737 734 125.0
737 735 500.0
737 736 875.0
738 70 -375.0
738 682 125.0
740 70 125.0
740 682 -125.0
740 738 -125.0
740 739 125.0
741 70 250.0
741 682 -250.0
741 738 -250.0
741 739 125.0
741 740 375.0
742 164 -375.0
742 317 125.0
744 164 125.0
744 317 -125.0
744 742 -125.0
744 743 125.0
745 164 250.0
745 317 -250.0
745 742 -250.0
745 743 125.0
745 744 375.0
746 168 -375.0
748 168 125.0
748 746 -125.0
748 747 125.0
749 85 -375.0
749 411 125.0
751 85 125.0
751 411 -125.0
751 749 -125.0
751 750 125.0
752 85 250.0
752 411 -250.0
752 749 -250.0
752 750 125.0
752 751 375.0
753 157 125.0
753 258 -375.0
755 157 -125.0
755 258 125.0
755 753 -125.0
755 754 125.0
756 157 -250.0
756 258 250.0
756 753 -250.0
756 754 125.0
756 755 375.0
757 222 -375.0
758 222 -375.0
758 757 125.0
759 222 -375.0
759 757 125.0
759 758 125.0
761 222 125.0
761 757 -125.0
761 758 -125.0
761 759 -125.0
761 760 125.0
762 222 250.0
762 757 -250.0
762 758 -250.0
762 759 -250.0
762 760 125.0
762 761 375.0
763 222 375.0
763 757 -375.0
763 758 -375.0
763 759 -375.0
763 760 125.0
763 761 500.0
763 762 875.0
765 505 125.0
765 676 -125.0
765 764 125.0
766 515 -375.0
767 515 -375.0
767 766 125.0
769 515 125.0
769 766 -125.0
769 767 -125.0
769 768 125.0
770 515 250.0
770 766 -250.0
770 767 -250.0
770 768 125.0
770 769 375.0
771 292 -375.0
772 292 -375.0
772 771 125.0
774 292 125.0
774 771 -125.0
774 772 -125.0
774 773 125.0
775 292 250.0
775 771 -250.0
775 772 -250.0
775 773 125.0
775 774 375.0
776 544 -375.0
776 611 125.0
778 544 125.0
778 611 -125.0
778 776 -125.0
778 777 125.0
779 544 250.0
779 611 -250.0
779 776 -250.0
779 777 125.0
779 778 375.0
780 346 125.0
780 390 -375.0
782 346 -125.0
782 390 125.0
782 780 -125.0
782 781 125.0
783 346 -250.0
783 390 250.0
783 780 -250.0
783 781 125.0
783 782 375.0
784 197 125.0
784 531 -375.0
786 197 -125.0
786 531 125.0
786 784 -125.0
786 785 125.0
787 197 -250.0
787 531 250.0
787 784 -250.0
787 785 125.0
787 786 375.0
788 535 -375.0
790 535 125.0
790 788 -125.0
790 789 125.0
791 563 -375.0
793 563 125.0
793 791 -125.0
793 792 125.0
794 145 -375.0
794 386 -375.0
796 145 125.0
796 794 -125.0
796 795 125.0
797 1 125.0
797 20 -375.0
797 247 125.0
797 302 -375.0
799 20 125.0
799 247 -125.0
799 797 -125.0
799 798 125.0
800 20 250.0
800 247 -250.0
800 797 -250.0
800 798 125.0
800 799 375.0
801 330 -375.0
801 415 125.0
803 330 125.0
803 415 -125.0
803 801 -125.0
803 802 125.0
804 330 250.0
804 415 -250.0
804 801 -250.0
804 802 125.0
804 803 375.0
805 507 -375.0
807 507 125.0
807 805 -125.0
807 806 125.0
808 154 125.0
808 423 -375.0
810 154 -125.0
810 423 125.0
810 808 -125.0
810 809 125.0
811 154 -250.0
811 423 250.0
811 808 -250.0
811 809 125.0
811 810 375.0
813 21 -125.0
813 172 125.0
813 710 -125.0
813 812 125.0
814 21 -250.0
814 172 250.0
814 710 -250.0
814 812 125.0
814 813 375.0
815 17 125.0
815 467 -375.0
817 17 -125.0
817 467 125.0
817 815 -125.0
817 816 125.0
818 17 -250.0
818 467 250.0
818 815 -250.0
818 816 125.0
818 817 375.0
820 386 125.0
820 794 -125.0
820 819 125.0
821 0 -375.0
821 150 125.0
821 246 -375.0
821 444 125.0
823 0 125.0
823 444 -125.0
823 821 -125.0
823 822 125.0
824 0 250.0
824 444 -250.0
824 821 -250.0
824 822 125.0
824 823 375.0
825 545 125.0
825 614 -375.0
827 545 -125.0
827 614 125.0
827 825 -125.0
827 826 125.0
828 545 -250.0
828 614 250.0
828 825 -250.0
828 826 125.0
828 827 375.0
829 12 -375.0
831 12 125.0
831 829 -125.0
831 830 125.0
832 561 -375.0
834 561 125.0
834 832 -125.0
834 833 125.0
835 90 125.0
835 149 -375.0
835 443 -375.0
835 536 125.0
836 90 125.0
836 149 -375.0
836 443 -375.0
836 536 125.0
836 835 250.0
838 90 -125.0
838 149 125.0
838 835 -125.0
838 836 -125.0
838 837 125.0
839 90 -250.0
839 149 250.0
839 835 -250.0
839 836 -250.0
839 837 125.0
839 838 375.0
840 90 -375.0
840 149 375.0
840 835 -375.0
840 836 -375.0
840 837 125.0
840 838 500.0
840 839 875.0
841 5 125.0
841 226 -375.0
843 5 -125.0
843 226 125.0
843 841 -125.0
843 842 125.0
844 5 -250.0
844 226 250.0
844 841 -250.0
844 842 125.0
844 843 375.0
845 180 -375.0
847 180 125.0
847 845 -125.0
847 846 125.0
848 250 -375.0
848 512 125.0
850 250 125.0
850 512 -125.0
850 848 -125.0
850 849 125.0
851 250 250.0
851 512 -250.0
851 848 -250.0
851 849 125.0
851 850 375.0
852 278 -375.0
852 280 -375.0
852 407 125.0
854 280 125.0
854 852 -125.0
854 853 125.0
855 9 125.0
855 48 -375.0
855 81 -375.0
855 361 -375.0
857 81 125.0
857 855 -125.0
857 856 125.0
858 141 -375.0
858 160 -375.0
858 255 125.0
858 568 125.0
860 160 125.0
860 255 -125.0
860 858 -125.0
860 859 125.0
861 160 250.0
861 255 -250.0
861 858 -250.0
861 859 125.0
861 860 375.0
862 34 -375.0
862 327 125.0
862 357 -375.0
862 506 125.0
864 34 125.0
864 506 -125.0
864 862 -125.0
864 863 125.0
865 34 250.0
865 506 -250.0
865 862 -250.0
865 863 125.0
865 864 375.0
866 374 -375.0
868 374 125.0
868 866 -125.0
868 867 125.0
870 239 -125.0
870 298 125.0
870 644 -125.0
870 869 125.0
871 239 -250.0
871 298 250.0
871 644 -250.0
871 869 125.0
871 870 375.0
873 327 -125.0
873 357 125.0
873 862 -125.0
873 872 125.0
874 327 -250.0
874 357 250.0
874 862 -250.0
874 872 125.0
874 873 375.0
875 345 -375.0
875 350 125.0
875 491 125.0
877 345 125.0
877 350 -125.0
877 491 -125.0
877 875 -125.0
877 876 125.0
878 345 250.0
878 350 -250.0
878 491 -250.0
878 875 -250.0
878 876 125.0
878 877 375.0
879 345 375.0
879 350 -375.0
879 491 -375.0
879 875 -375.0
879 876 125.0
879 877 500.0
879 878 875.0
880 26 -375.0
882 26 125.0
882 880 -125.0
882 881 125.0
884 13 -125.0
884 354 -125.0
884 414 125.0
884 718 -125.0
884 883 125.0
885 13 -250.0
885 354 -250.0
885 414 250.0
885 718 -250.0
885 883 125.0
885 884 375.0
886 13 -375.0
886 354 -375.0
886 414 375.0
886 718 -375.0
886 883 125.0
886 884 500.0
886 885 875.0
887 486 -375.0
889 486 125.0
889 887 -125.0
889 888 125.0
890 471 -375.0
890 487 125.0
892 471 125.0
892 487 -125.0
892 890 -125.0
892 891 125.0
893 471 250.0
893 487 -250.0
893 890 -250.0
893 891 125.0
893 892 375.0
894 230 -375.0
894 289 125.0
896 230 125.0
896 289 -125.0
896 894 -125.0
896 895 125.0
897 230 250.0
897 289 -250.0
897 894 -250.0
897 895 125.0
897 896 375.0
898 93 -375.0
898 366 125.0
900 93 125.0
900 366 -125.0
900 898 -125.0
900 899 125.0
901 93 250.0
901 366 -250.0
901 898 -250.0
901 899 125.0
901 900 375.0
902 284 -375.0
902 495 125.0
904 284 125.0
904 495 -125.0
904 902 -125.0
904 903 125.0
905 284 250.0
905 495 -250.0
905 902 -250.0
905 903 125.0
905 904 375.0
906 271 125.0
906 594 -375.0
906 603 125.0
908 271 -125.0
908 594 125.0
908 603 -125.0
908 906 -125.0
908 907 125.0
909 271 -250.0
909 594 250.0
909 603 -250.0
909 906 -250.0
909 907 125.0
909 908 375.0
910 271 -375.0
910 594 375.0
910 603 -375.0
910 906 -375.0
910 907 125.0
910 908 500.0
910 909 875.0
911 31 125.0
911 447 -375.0
913 31 -125.0
913 447 125.0
913 911 -125.0
913 912 125.0
914 31 -250.0
914 447 250.0
914 911 -250.0
914 912 125.0
914 913 375.0
915 353 -375.0
915 562 125.0
917 353 125.0
917 562 -125.0
917 915 -125.0
917 916 125.0
918 353 250.0
918 562 -250.0
918 915 -250.0
918 916 125.0
918 917 375.0
919 285 125.0
919 557 -375.0
921 285 -125.0
921 557 125.0
921 919 -125.0
921 920 125.0
922 285 -250.0
922 557 250.0
922 919 -250.0
922 920 125.0
922 921 375.0
923 78 125.0
923 516 125.0
923 602 -375.0
924 78 125.0
924 516 125.0
924 602 -375.0
924 923 125.0
926 78 -125.0
926 516 -125.0
926 602 125.0
926 923 -125.0
926 924 -125.0
926 925 125.0
927 78 -250.0
927 516 -250.0
927 602 250.0
927 923 -250.0
927 924 -250.0
927 925 125.0
927 926 375.0
928 78 -375.0
928 516 -375.0
928 602 375.0
928 923 -375.0
928 924 -375.0
928 925 125.0
928 926 500.0
928 927 875.0
929 78 -500.0
929 516 -500.0
929 602 500.0
929 923 -500.0
929 924 -500.0
929 925 125.0
929 926 625.0
929 927 1125.0
929 928 1625.0
930 63 125.0
930 113 -375.0
932 63 -125.0
932 113 125.0
932 930 -125.0
932 931 125.0
933 63 -250.0
933 113 250.0
933 930 -250.0
933 931 125.0
933 932 375.0
934 130 125.0
934 575 -375.0
936 130 -125.0
936 575 125.0
936 934 -125.0
936 935 125.0
937 130 -250.0
937 575 250.0
937 934 -250.0
937 935 125.0
937 936 375.0
938 193 125.0
938 394 -375.0
940 193 -125.0
940 394 125.0
940 938 -125.0
940 939 125.0
941 193 -250.0
941 394 250.0
941 938 -250.0
941 939 125.0
941 940 375.0
942 234 -375.0
942 307 125.0
943 234 -375.0
943 307 125.0
943 942 125.0
945 234 125.0
945 307 -125.0
945 942 -125.0
945 943 -125.0
945 944 125.0
946 234 250.0
946 307 -250.0
946 942 -250.0
946 943 -250.0
946 944 125.0
946 945 375.0
947 234 375.0
947 307 -375.0
947 942 -375.0
947 943 -375.0
947 944 125.0
947 945 500.0
947 946 875.0
948 4 -375.0
949 4 -375.0
949 948 125.0
951 4 125.0
951 948 -125.0
951 949 -125.0
951 950 125.0
952 4 250.0
952 948 -250.0
952 949 -250.0
952 950 125.0
952 951 375.0
953 322 -375.0
955 322 125.0
955 953 -125.0
955 954 125.0
956 97 -375.0
956 460 125.0
958 97 125.0
958 460 -125.0
958 956 -125.0
958 957 125.0
959 97 250.0
959 460 -250.0
959 956 -250.0
959 957 125.0
959 958 375.0
960 338 -375.0
960 498 125.0
962 338 125.0
962 498 -125.0
962 960 -125.0
962 961 125.0
963 338 250.0
963 498 -250.0
963 960 -250.0
963 961 125.0
963 962 375.0
964 134 125.0
964 410 -375.0
966 134 -125.0
966 410 125.0
966 964 -125.0
966 965 125.0
967 134 -250.0
967 410 250.0
967 964 -250.0
967 965 125.0
967 966 375.0
968 293 125.0
968 435 -375.0
970 293 -125.0
970 435 125.0
970 968 -125.0
970 969 125.0
971 293 -250.0
971 435 250.0
971 968 -250.0
971 969 125.0
971 970 375.0
972 129 -375.0
972 138 125.0
974 129 125.0
974 138 -125.0
974 972 -125.0
974 973 125.0
975 129 250.0
975 138 -250.0
975 972 -250.0
975 973 125.0
975 974 375.0
977 616 125.0
977 623 -125.0
977 976 125.0
978 40 -375.0
980 40 125.0
980 978 -125.0
980 979 125.0
981 334 -375.0
983 334 125.0
983 981 -125.0
983 982 125.0
984 185 125.0
984 216 -375.0
986 185 -125.0
986 216 125.0
986 984 -125.0
986 985 125.0
987 185 -250.0
987 216 250.0
987 984 -250.0
987 985 125.0
987 986 375.0
988 213 125.0
988 378 -375.0
990 213 -125.0
990 378 125.0
990 988 -125.0
990 989 125.0
991 213 -250.0
991 378 250.0
991 988 -250.0
991 989 125.0
991 990 375.0
992 44 -375.0
992 528 125.0
994 44 125.0
994 528 -125.0
994 992 -125.0
994 993 125.0
995 44 250.0
995 528 -250.0
995 992 -250.0
995 993 125.0
995 994 375.0
996 266 -375.0
996 428 125.0
998 266 125.0
998 428 -125.0
998 996 -125.0
998 997 125.0
999 266 250.0
999 428 -250.0
999 996 -250.0
999 997 125.0
999 998 375.0
1000 395 125.0
1000 501 -375.0
1002 395 -125.0
1002 501 125.0
1002 1000 -125.0
1002 1001 125.0
1003 395 -250.0
1003 501 250.0
1003 1000 -250.0
1003 1001 125.0
1003 1002 375.0
1004 306 -375.0
1004 607 125.0
1006 306 125.0
1006 607 -125.0
1006 1004 -125.0
1006 1005 125.0
1007 306 250.0
1007 607 -250.0
1007 1004 -250.0
1007 1005 125.0
1007 1006 375.0
1009 443 125.0
1009 536 -125.0
1009 835 -125.0
1009 836 -125.0
1009 1008 125.0
1010 443 250.0
1010 536 -250.0
1010 835 -250.0
1010 836 -250.0
1010 1008 125.0
1010 1009 375.0
1011 443 375.0
1011 536 -375.0
1011 835 -375.0
1011 836 -375.0
1011 1008 125.0
1011 1009 500.0
1011 1010 875.0
1012 101 -375.0
1014 101 125.0
1014 1012 -125.0
1014 1013 125.0
1015 370 -375.0
1015 475 125.0
1017 370 125.0
1017 475 -125.0
1017 1015 -125.0
1017 1016 125.0
1018 370 250.0
1018 475 -250.0
1018 1015 -250.0
1018 1016 125.0
1018 1017 375.0
1019 41 125.0
1019 455 -375.0
1021 41 -125.0
1021 455 125.0
1021 1019 -125.0
1021 1020 125.0
1022 41 -250.0
1022 455 250.0
1022 1019 -250.0
1022 1020 125.0
1022 1021 375.0
1023 188 -375.0
1023 576 125.0
1025 188 125.0
1025 576 -125.0
1025 1023 -125.0
1025 1024 125.0
1026 188 250.0
1026 576 -250.0
1026 1023 -250.0
1026 1024 125.0
1026 1025 375.0
1027 102 125.0
1027 262 -375.0
1029 102 -125.0
1029 262 125.0
1029 1027 -125.0
1029 1028 125.0
1030 102 -250.0
1030 262 250.0
1030 1027 -250.0
1030 1028 125.0
1030 1029 375.0
1031 62 -375.0
1031 64 -375.0
1031 591 125.0
1033 62 125.0
1033 591 -125.0
1033 1031 -125.0
1033 1032 125.0
1034 62 250.0
1034 591 -250.0
1034 1031 -250.0
1034 1032 125.0
1034 1033 375.0
1035 511 -375.0
1035 524 125.0
1037 511 125.0
1037 524 -125.0
1037 1035 -125.0
1037 1036 125.0
1038 511 250.0
1038 524 -250.0
1038 1035 -250.0
1038 1036 125.0
1038 1037 375.0
1039 312 -375.0
1041 312 125.0
1041 1039 -125.0
1041 1040 125.0
1042 490 -375.0
1043 490 -375.0
1043 1042 125.0
1045 490 125.0
1045 1042 -125.0
1045 1043 -125.0
1045 1044 125.0
1046 490 250.0
1046 1042 -250.0
1046 1043 -250.0
1046 1044 125.0
1046 1045 375.0
1047 270 -375.0
1049 270 125.0
1049 1047 -125.0
1049 1048 125.0
1050 52 -375.0
1052 52 125.0
1052 1050 -125.0
1052 1051 125.0
1054 9 -125.0
1054 361 125.0
1054 855 -125.0
1054 1053 125.0
1055 9 -250.0
1055 361 250.0
1055 855 -250.0
1055 1053 125.0
1055 1054 375.0
1057 1 -125.0
1057 302 125.0
1057 797 -125.0
1057 1056 125.0
1058 1 -250.0
1058 302 250.0
1058 797 -250.0
1058 1056 125.0
1058 1057 375.0
1059 552 -375.0
1061 552 125.0
1061 1059 -125.0
1061 1060 125.0
1062 206 -375.0
1062 207 -375.0
1062 476 -375.0
1062 620 125.0
1064 207 125.0
1064 1062 -125.0
1064 1063 125.0
1065 502 125.0
1065 527 -375.0
1067 502 -125.0
1067 527 125.0
1067 1065 -125.0
1067 1066 125.0
1068 502 -250.0
1068 527 250.0
1068 1065 -250.0
1068 1066 125.0
1068 1067 375.0
1070 48 125.0
1070 855 -125.0
1070 1069 125.0
1071 267 125.0
1071 365 -375.0
1073 267 -125.0
1073 365 125.0
1073 1071 -125.0
1073 1072 125.0
1074 267 -250.0
1074 365 250.0
1074 1071 -250.0
1074 1072 125.0
1074 1073 375.0
1075 383 125.0
1075 439 -375.0
1077 383 -125.0
1077 439 125.0
1077 1075 -125.0
1077 1076 125.0
1078 383 -250.0
1078 439 250.0
1078 1075 -250.0
1078 1076 125.0
1078 1077 375.0
1079 379 125.0
1079 402 -375.0
1081 379 -125.0
1081 402 125.0
1081 1079 -125.0
1081 1080 125.0
1082 379 -250.0
1082 402 250.0
1082 1079 -250.0
1082 1080 125.0
1082 1081 375.0
1083 606 -375.0
1085 606 125.0
1085 1083 -125.0
1085 1084 125.0
1086 275 125.0
1086 571 -375.0
1088 275 -125.0
1088 571 125.0
1088 1086 -125.0
1088 1087 125.0
1089 275 -250.0
1089 571 250.0
1089 1086 -250.0
1089 1087 125.0
1089 1088 375.0
1090 238 -375.0
1090 399 125.0
1092 238 125.0
1092 399 -125.0
1092 1090 -125.0
1092 1091 125.0
1093 238 250.0
1093 399 -250.0
1093 1090 -250.0
1093 1091 125.0
1093 1092 375.0
1094 82 125.0
1094 539 -375.0
1096 82 -125.0
1096 539 125.0
1096 1094 -125.0
1096 1095 125.0
1097 82 -250.0
1097 539 250.0
1097 1094 -250.0
1097 1095 125.0
1097 1096 375.0
1098 308 -375.0
1098 599 125.0
1100 308 125.0
1100 599 -125.0
1100 1098 -125.0
1100 1099 125.0
1101 308 250.0
1101 599 -250.0
1101 1098 -250.0
1101 1099 125.0
1101 1100 375.0
1102 30 -375.0
1102 472 125.0
1104 30 125.0
1104 472 -125.0
1104 1102 -125.0
1104 1103 125.0
1105 30 250.0
1105 472 -250.0
1105 1102 -250.0
1105 1103 125.0
1105 1104 375.0
1106 86 125.0
1106 196 -375.0
1108 86 -125.0
1108 196 125.0
1108 1106 -125.0
1108 1107 125.0
1109 86 -250.0
1109 196 250.0
1109 1106 -250.0
1109 1107 125.0
1109 1108 375.0
1110 117 -375.0
1112 117 125.0
1112 1110 -125.0
1112 1111 125.0
1113 403 125.0
1113 459 -375.0
1115 403 -125.0
1115 459 125.0
1115 1113 -125.0
1115 1114 125.0
1116 403 -250.0
1116 459 250.0
1116 1113 -250.0
1116 1114 125.0
1116 1115 375.0
1117 16 -375.0
1117 177 125.0
1119 16 125.0
1119 177 -125.0
1119 1117 -125.0
1119 1118 125.0
1120 16 250.0
1120 177 -250.0
1120 1117 -250.0
1120 1118 125.0
1120 1119 375.0
1122 125 125.0
1122 697 -125.0
1122 1121 125.0
1124 206 125.0
1124 1062 -125.0
1124 1123 125.0
1126 150 -125.0
1126 246 125.0
1126 821 -125.0
1126 1125 125.0
1127 150 -250.0
1127 246 250.0
1127 821 -250.0
1127 1125 125.0
1127 1126 375.0
1128 320 -375.0
1130 320 125.0
1130 1128 -125.0
1130 1129 125.0
1131 142 125.0
1131 176 -375.0
1133 142 -125.0
1133 176 125.0
1133 1131 -125.0
1133 1132 125.0
1134 142 -250.0
1134 176 250.0
1134 1131 -250.0
1134 1132 125.0
1134 1133 375.0
1135 335 125.0
1135 598 -375.0
1137 335 -125.0
1137 598 125.0
1137 1135 -125.0
1137 1136 125.0
1138 335 -250.0
1138 598 250.0
1138 1135 -250.0
1138 1136 125.0
1138 1137 375.0
1139 161 125.0
1139 567 -375.0
1141 161 -125.0
1141 567 125.0
1141 1139 -125.0
1141 1140 125.0
1142 161 -250.0
1142 567 250.0
1142 1139 -250.0
1142 1140 125.0
1142 1141 375.0
1143 41 125.0
1143 519 -375.0
1145 41 -125.0
1145 519 125.0
1145 1143 -125.0
1145 1144 125.0
1146 41 -250.0
1146 519 250.0
1146 1143 -250.0
1146 1144 125.0
1146 1145 375.0
1147 251 125.0
1147 586 -375.0
1149 251 -125.0
1149 586 125.0
1149 1147 -125.0
1149 1148 125.0
1150 251 -250.0
1150 586 250.0
1150 1147 -250.0
1150 1148 125.0
1150 1149 375.0
1151 375 125.0
1151 579 -375.0
1153 375 -125.0
1153 579 125.0
1153 1151 -125.0
1153 1152 125.0
1154 375 -250.0
1154 579 250.0
1154 1151 -250.0
1154 1152 125.0
1154 1153 375.0
1156 476 125.0
1156 620 -125.0
1156 1062 -125.0
1156 1155 125.0
1157 476 250.0
1157 620 -250.0
1157 1062 -250.0
1157 1155 125.0
1157 1156 375.0
1158 173 125.0
1158 406 -375.0
1160 173 -125.0
1160 406 125.0
1160 1158 -125.0
1160 1159 125.0
1161 173 -250.0
1161 406 250.0
1161 1158 -250.0
1161 1159 125.0
1161 1160 375.0
1162 242 -375.0
1164 242 125.0
1164 1162 -125.0
1164 1163 125.0
1166 141 125.0
1166 568 -125.0
1166 858 -125.0
1166 1165 125.0
1167 141 250.0
1167 568 -250.0
1167 858 -250.0
1167 1165 125.0
1167 1166 375.0
1168 204 -375.0
1168 297 125.0
1168 697 125.0
1170 204 125.0
1170 297 -125.0
1170 697 -125.0
1170 1168 -125.0
1170 1169 125.0
1171 204 250.0
1171 297 -250.0
1171 697 -250.0
1171 1168 -250.0
1171 1169 125.0
1171 1170 375.0
1172 204 375.0
1172 297 -375.0
1172 697 -375.0
1172 1168 -375.0
1172 1169 125.0
1172 1170 500.0
1172 1171 875.0
1173 382 -375.0
1175 382 125.0
1175 1173 -125.0
1175 1174 125.0
1176 122 125.0
1176 463 -375.0
1178 122 -125.0
1178 463 125.0
1178 1176 -125.0
1178 1177 125.0
1179 122 -250.0
1179 463 250.0
1179 1176 -250.0
1179 1177 125.0
1179 1178 375.0
1180 192 -375.0
1180 379 125.0
1182 192 125.0
1182 379 -125.0
1182 1180 -125.0
1182 1181 125.0
1183 192 250.0
1183 379 -250.0
1183 1180 -250.0
1183 1181 125.0
1183 1182 375.0
1184 36 -375.0
1186 36 125.0
1186 1184 -125.0
1186 1185 125.0
1188 278 125.0
1188 407 -125.0
1188 852 -125.0
1188 1187 125.0
1189 278 250.0
1189 407 -250.0
1189 852 -250.0
1189 1187 125.0
1189 1188 375.0
1190 77 -375.0
1192 77 125.0
1192 1190 -125.0
1192 1191 125.0
1194 64 125.0
1194 1031 -125.0
1194 1193 125.0
1195 8 -375.0
1195 110 125.0
1197 8 125.0
1197 110 -125.0
1197 1195 -125.0
1197 1196 125.0
1198 8 250.0
1198 110 -250.0
1198 1195 -250.0
1198 1196 125.0
1198 1197 375.0
1199 53 125.0
1199 184 -375.0
1201 53 -125.0
1201 184 125.0
1201 1199 -125.0
1201 1200 125.0
1202 53 -250.0
1202 184 250.0
1202 1199 -250.0
1202 1200 125.0
1202 1201 375.0
0 1203 -375.0
1 1203 -25.0
3 1203 -125.0
4 1203 -500.0
5 1203 125.5
7 1203 -125.0
8 1203 -375.0
9 1203 -25.0
11 1203 -125.0
12 1203 -250.0
13 1203 -275.0
15 1203 -125.0
16 1203 -375.0
17 1203 -25.0
19 1203 -125.0
20 1203 -375.0
21 1203 125.5
23 1203 -125.0
24 1203 -625.0
25 1203 350.0
26 1203 -500.0
27 1203 125.0
28 1203 125.0
29 1203 125.0
30 1203 -375.0
31 1203 -25.0
33 1203 -125.0
34 1203 -500.0
35 1203 350.0
36 1203 -500.0
37 1203 125.0
38 1203 125.0
39 1203 125.0
40 1203 -250.0
41 1203 -25.0
43 1203 -125.0
44 1203 -375.0
45 1203 -25.0
47 1203 -125.0
48 1203 -500.0
49 1203 -25.0
51 1203 -125.0
52 1203 -500.0
53 1203 500.5
54 1203 -500.0
55 1203 125.0
56 1203 125.0
57 1203 125.0
58 1203 -750.0
59 1203 125.5
61 1203 -125.0
62 1203 -500.0
63 1203 350.0
64 1203 -375.0
65 1203 125.0
66 1203 125.0
67 1203 125.0
68 1203 -500.0
69 1203 500.5
70 1203 -500.0
71 1203 125.0
72 1203 125.0
73 1203 125.0
74 1203 -25.0
76 1203 -125.0
77 1203 -250.0
78 1203 -499.5
80 1203 -125.0
81 1203 -500.0
82 1203 -25.0
84 1203 -125.0
85 1203 -375.0
86 1203 -25.0
88 1203 -125.0
89 1203 -375.0
90 1203 -275.0
92 1203 -125.0
93 1203 -375.0
94 1203 -25.0
96 1203 -125.0
97 1203 -375.0
98 1203 -25.0
100 1203 -125.0
101 1203 -250.0
102 1203 -25.0
104 1203 -125.0
105 1203 -250.0
106 1203 -25.0
108 1203 -125.0
109 1203 -375.0
110 1203 125.5
112 1203 -125.0
113 1203 -375.0
114 1203 -25.0
116 1203 -125.0
117 1203 -250.0
118 1203 125.5
120 1203 -125.0
121 1203 -500.0
122 1203 125.5
124 1203 -125.0
125 1203 -250.0
126 1203 -25.0
128 1203 -125.0
129 1203 -375.0
130 1203 -25.0
132 1203 -125.0
133 1203 -250.0
134 1203 -25.0
136 1203 -125.0
137 1203 -375.0
138 1203 -25.0
140 1203 -125.0
141 1203 -375.0
142 1203 -25.0
144 1203 -125.0
145 1203 -500.0
146 1203 -25.0
148 1203 -125.0
149 1203 -375.0
150 1203 -25.0
152 1203 -125.0
153 1203 -250.0
154 1203 125.5
156 1203 -125.0
157 1203 -25.0
159 1203 -125.0
160 1203 -375.0
161 1203 125.5
163 1203 -125.0
164 1203 -375.0
165 1203 125.5
167 1203 -125.0
168 1203 -250.0
169 1203 -25.0
171 1203 -125.0
172 1203 -375.0
173 1203 -25.0
175 1203 -125.0
176 1203 -375.0
177 1203 -25.0
179 1203 -125.0
180 1203 -250.0
181 1203 -25.0
183 1203 -125.0
184 1203 -375.0
185 1203 -25.0
187 1203 -125.0
188 1203 -375.0
189 1203 -25.0
191 1203 -125.0
192 1203 -375.0
193 1203 -25.0
195 1203 -125.0
196 1203 -375.0
197 1203 -25.0
199 1203 -125.0
200 1203 -250.0
201 1203 125.5
203 1203 -125.0
204 1203 -750.0
205 1203 850.0
206 1203 -1125.0
207 1203 -750.0
208 1203 250.0
209 1203 500.0
210 1203 750.0
211 1203 1000.0
212 1203 -375.0
213 1203 -25.0
215 1203 -125.0
216 1203 -375.0
217 1203 125.5
219 1203 -125.0
220 1203 -500.0
221 1203 350.0
222 1203 -750.0
223 1203 125.0
224 1203 125.0
225 1203 125.0
226 1203 -375.0
227 1203 125.5
229 1203 -125.0
230 1203 -375.0
231 1203 -25.0
233 1203 -125.0
234 1203 -375.0
235 1203 -275.0
237 1203 -125.0
238 1203 -375.0
239 1203 -25.0
241 1203 -125.0
242 1203 -250.0
243 1203 -124.5
245 1203 -125.0
246 1203 -375.0
247 1203 -25.0
249 1203 -125.0
250 1203 -375.0
251 1203 -25.0
253 1203 -125.0
254 1203 -375.0
255 1203 -25.0
257 1203 -125.0
258 1203 -375.0
259 1203 125.5
261 1203 -125.0
262 1203 -375.0
263 1203 -275.0
265 1203 -125.0
266 1203 -375.0
267 1203 125.5
269 1203 -125.0
270 1203 -250.0
271 1203 -124.5
273 1203 -125.0
274 1203 -375.0
275 1203 -25.0
277 1203 -125.0
278 1203 -500.0
279 1203 350.0
280 1203 -375.0
281 1203 125.0
282 1203 125.0
283 1203 125.0
284 1203 -375.0
285 1203 125.5
287 1203 -125.0
288 1203 -375.0
289 1203 -25.0
291 1203 -125.0
292 1203 -375.0
293 1203 125.5
295 1203 -125.0
296 1203 -500.0
297 1203 250.5
298 1203 -500.0
299 1203 125.0
300 1203 125.0
301 1203 125.0
302 1203 -375.0
303 1203 -25.0
305 1203 -125.0
306 1203 -500.0
307 1203 250.5
308 1203 -500.0
309 1203 125.0
310 1203 125.0
311 1203 125.0
312 1203 -250.0
313 1203 125.5
315 1203 -125.0
316 1203 -375.0
317 1203 -25.0
319 1203 -125.0
320 1203 -625.0
321 1203 350.0
322 1203 -500.0
323 1203 125.0
324 1203 125.0
325 1203 125.0
326 1203 -250.0
327 1203 -25.0
329 1203 -125.0
330 1203 -375.0
331 1203 -25.0
333 1203 -125.0
334 1203 -250.0
335 1203 125.5
337 1203 -125.0
338 1203 -375.0
339 1203 -25.0
341 1203 -125.0
342 1203 125.5
344 1203 -125.0
345 1203 -375.0
346 1203 125.5
348 1203 -125.0
349 1203 -375.0
350 1203 -275.0
352 1203 -125.0
353 1203 -375.0
354 1203 -124.5
356 1203 -125.0
357 1203 -375.0
358 1203 -25.0
360 1203 -125.0
361 1203 -375.0
362 1203 125.5
364 1203 -125.0
365 1203 -375.0
366 1203 -25.0
368 1203 -125.0
369 1203 350.0
370 1203 -500.0
371 1203 125.0
372 1203 125.0
373 1203 125.0
374 1203 -250.0
375 1203 -25.0
377 1203 -125.0
378 1203 -375.0
379 1203 -25.0
381 1203 -125.0
382 1203 -250.0
383 1203 -25.0
385 1203 -125.0
386 1203 -500.0
387 1203 125.5
389 1203 -125.0
390 1203 -375.0
391 1203 -25.0
393 1203 -125.0
394 1203 -375.0
395 1203 -25.0
397 1203 -125.0
398 1203 -375.0
399 1203 -25.0
401 1203 -125.0
402 1203 -375.0
403 1203 -25.0
405 1203 -125.0
406 1203 -375.0
407 1203 -25.0
409 1203 -125.0
410 1203 -375.0
411 1203 -25.0
413 1203 -125.0
414 1203 -500.0
415 1203 350.0
416 1203 -500.0
417 1203 125.0
418 1203 125.0
419 1203 125.0
420 1203 -25.0
422 1203 -125.0
423 1203 -375.0
424 1203 -25.0
426 1203 -125.0
427 1203 -375.0
428 1203 -25.0
430 1203 -125.0
431 1203 -250.0
432 1203 -25.0
434 1203 -125.0
435 1203 -375.0
436 1203 125.5
438 1203 -125.0
439 1203 -375.0
440 1203 -25.0
442 1203 -125.0
443 1203 -375.0
444 1203 -25.0
446 1203 -125.0
447 1203 -375.0
448 1203 -275.0
450 1203 -125.0
451 1203 350.0
452 1203 125.0
453 1203 125.0
454 1203 125.0
455 1203 -375.0
456 1203 -25.0
458 1203 -125.0
459 1203 -375.0
460 1203 -25.0
462 1203 -125.0
463 1203 -375.0
464 1203 -25.0
466 1203 -125.0
467 1203 -375.0
468 1203 -25.0
470 1203 -125.0
471 1203 -375.0
472 1203 -25.0
474 1203 -125.0
475 1203 1000.5
476 1203 -750.0
477 1203 250.0
478 1203 500.0
479 1203 750.0
480 1203 1000.0
481 1203 -500.0
482 1203 350.0
483 1203 125.0
484 1203 125.0
485 1203 125.0
486 1203 -250.0
487 1203 -25.0
489 1203 -125.0
490 1203 -375.0
491 1203 -124.5
493 1203 -125.0
494 1203 -375.0
495 1203 125.5
497 1203 -125.0
498 1203 125.5
500 1203 -125.0
501 1203 -375.0
502 1203 -25.0
504 1203 -125.0
505 1203 -375.0
506 1203 500.5
507 1203 -375.0
508 1203 125.0
509 1203 125.0
510 1203 125.0
511 1203 -375.0
512 1203 -25.0
514 1203 -125.0
515 1203 -375.0
516 1203 -650.0
518 1203 -125.0
519 1203 -375.0
520 1203 125.5
522 1203 -125.0
523 1203 -375.0
524 1203 -25.0
526 1203 -125.0
527 1203 -375.0
528 1203 -25.0
530 1203 -125.0
531 1203 -375.0
532 1203 -25.0
534 1203 -125.0
535 1203 -250.0
536 1203 -275.0
538 1203 -125.0
539 1203 -500.0
540 1203 500.5
541 1203 125.0
542 1203 125.0
543 1203 125.0
544 1203 -375.0
545 1203 -25.0
547 1203 -125.0
548 1203 500.5
549 1203 125.0
550 1203 125.0
551 1203 125.0
552 1203 -375.0
553 1203 350.0
554 1203 125.0
555 1203 125.0
556 1203 125.0
557 1203 -375.0
558 1203 125.5
560 1203 -125.0
561 1203 -375.0
562 1203 350.0
563 1203 -375.0
564 1203 125.0
565 1203 125.0
566 1203 125.0
567 1203 -375.0
568 1203 -25.0
570 1203 -125.0
571 1203 -375.0
572 1203 -25.0
574 1203 -125.0
575 1203 -375.0
576 1203 125.5
578 1203 -125.0
579 1203 -375.0
580 1203 -275.0
582 1203 -125.0
583 1203 -25.0
585 1203 -125.0
586 1203 -375.0
587 1203 125.5
589 1203 -125.0
590 1203 -375.0
591 1203 -25.0
593 1203 -125.0
594 1203 -375.0
595 1203 -25.0
597 1203 -125.0
598 1203 -375.0
599 1203 -25.0
601 1203 -125.0
602 1203 -250.0
603 1203 -124.5
605 1203 -125.0
606 1203 -250.0
607 1203 125.5
609 1203 -125.0
610 1203 -375.0
611 1203 125.5
613 1203 -125.0
614 1203 -500.0
615 1203 500.5
616 1203 -375.0
617 1203 125.0
618 1203 125.0
619 1203 125.0
620 1203 -25.0
622 1203 -125.0
623 1203 250.0
625 1203 125.0
627 1203 125.0
628 1203 375.0
629 1203 625.0
630 1203 -250.0
631 1203 -250.0
632 1203 250.0
633 1203 750.0
634 1203 1250.0
635 1203 1750.0
637 1203 125.0
638 1203 375.0
639 1203 625.0
641 1203 125.0
642 1203 375.0
643 1203 625.0
645 1203 125.0
646 1203 375.0
647 1203 625.0
649 1203 125.0
650 1203 375.0
651 1203 625.0
653 1203 125.0
654 1203 375.0
655 1203 625.0
656 1203 125.0
658 1203 125.0
659 1203 -250.0
660 1203 250.0
661 1203 750.0
662 1203 1250.0
663 1203 1750.0
664 1203 125.0
666 1203 125.0
669 1203 125.0
670 1203 375.0
671 1203 625.0
673 1203 125.0
674 1203 375.0
675 1203 625.0
676 1203 250.0
678 1203 125.0
679 1203 125.0
681 1203 125.0
682 1203 125.0
684 1203 125.0
686 1203 125.0
687 1203 375.0
688 1203 625.0
690 1203 125.0
691 1203 375.0
692 1203 625.0
694 1203 125.0
695 1203 375.0
696 1203 625.0
699 1203 125.0
700 1203 125.0
702 1203 125.0
704 1203 125.0
705 1203 375.0
706 1203 625.0
707 1203 125.0
709 1203 125.0
711 1203 125.0
712 1203 375.0
713 1203 625.0
715 1203 125.0
716 1203 375.0
717 1203 625.0
718 1203 -250.0
719 1203 125.0
720 1203 375.0
721 1203 625.0
722 1203 125.0
724 1203 125.0
726 1203 125.0
727 1203 375.0
728 1203 625.0
730 1203 125.0
731 1203 375.0
732 1203 625.0
733 1203 -250.0
734 1203 250.0
735 1203 750.0
736 1203 1250.0
737 1203 1750.0
739 1203 125.0
740 1203 375.0
741 1203 625.0
743 1203 125.0
744 1203 375.0
745 1203 625.0
746 1203 125.0
748 1203 125.0
750 1203 125.0
751 1203 375.0
752 1203 625.0
754 1203 125.0
755 1203 375.0
756 1203 625.0
757 1203 -250.0
758 1203 -250.0
759 1203 -250.0
760 1203 250.0
761 1203 750.0
762 1203 1250.0
763 1203 1750.0
765 1203 125.0
768 1203 125.0
769 1203 375.0
770 1203 625.0
773 1203 125.0
774 1203 375.0
775 1203 625.0
777 1203 125.0
778 1203 375.0
779 1203 625.0
781 1203 125.0
782 1203 375.0
783 1203 625.0
785 1203 125.0
786 1203 375.0
787 1203 625.0
788 1203 125.0
790 1203 125.0
791 1203 125.0
793 1203 125.0
794 1203 250.0
796 1203 125.0
798 1203 125.0
799 1203 375.0
800 1203 625.0
802 1203 125.0
803 1203 375.0
804 1203 625.0
805 1203 125.0
807 1203 125.0
809 1203 125.0
810 1203 375.0
811 1203 625.0
812 1203 125.0
813 1203 375.0
814 1203 625.0
816 1203 125.0
817 1203 375.0
818 1203 625.0
820 1203 125.0
822 1203 125.0
823 1203 375.0
824 1203 625.0
826 1203 125.0
827 1203 375.0
828 1203 625.0
829 1203 125.0
831 1203 125.0
832 1203 125.0
834 1203 125.0
835 1203 -500.0
836 1203 -500.0
837 1203 250.0
838 1203 750.0
839 1203 1250.0
840 1203 1750.0
842 1203 125.0
843 1203 375.0
844 1203 625.0
845 1203 125.0
847 1203 125.0
849 1203 125.0
850 1203 375.0
851 1203 625.0
852 1203 125.0
854 1203 125.0
855 1203 250.0
857 1203 125.0
859 1203 125.0
860 1203 375.0
861 1203 625.0
863 1203 125.0
864 1203 375.0
865 1203 625.0
866 1203 125.0
868 1203 125.0
869 1203 125.0
870 1203 375.0
871 1203 625.0
872 1203 125.0
873 1203 375.0
874 1203 625.0
875 1203 -250.0
876 1203 250.0
877 1203 750.0
878 1203 1250.0
879 1203 1750.0
880 1203 125.0
882 1203 125.0
883 1203 250.0
884 1203 750.0
885 1203 1250.0
886 1203 1750.0
887 1203 125.0
889 1203 125.0
891 1203 125.0
892 1203 375.0
893 1203 625.0
895 1203 125.0
896 1203 375.0
897 1203 625.0
899 1203 125.0
900 1203 375.0
901 1203 625.0
903 1203 125.0
904 1203 375.0
905 1203 625.0
906 1203 -250.0
907 1203 250.0
908 1203 750.0
909 1203 1250.0
910 1203 1750.0
912 1203 125.0
913 1203 375.0
914 1203 625.0
916 1203 125.0
917 1203 375.0
918 1203 625.0
920 1203 125.0
921 1203 375.0
922 1203 625.0
923 1203 -625.0
924 1203 -625.0
925 1203 375.0
926 1203 1250.0
927 1203 2125.0
928 1203 3000.0
929 1203 3875.0
931 1203 125.0
932 1203 375.0
933 1203 625.0
935 1203 125.0
936 1203 375.0
937 1203 625.0
939 1203 125.0
940 1203 375.0
941 1203 625.0
942 1203 -250.0
943 1203 -250.0
944 1203 250.0
945 1203 750.0
946 1203 1250.0
947 1203 1750.0
950 1203 125.0
951 1203 375.0
952 1203 625.0
953 1203 125.0
955 1203 125.0
957 1203 125.0
958 1203 375.0
959 1203 625.0
961 1203 125.0
962 1203 375.0
963 1203 625.0
965 1203 125.0
966 1203 375.0
967 1203 625.0
969 1203 125.0
970 1203 375.0
971 1203 625.0
973 1203 125.0
974 1203 375.0
975 1203 625.0
977 1203 125.0
978 1203 125.0
980 1203 125.0
981 1203 125.0
983 1203 125.0
985 1203 125.0
986 1203 375.0
987 1203 625.0
989 1203 125.0
990 1203 375.0
991 1203 625.0
993 1203 125.0
994 1203 375.0
995 1203 625.0
997 1203 125.0
998 1203 375.0
999 1203 625.0
1001 1203 125.0
1002 1203 375.0
1003 1203 625.0
1005 1203 125.0
1006 1203 375.0
1007 1203 625.0
1008 1203 250.0
1009 1203 750.0
1010 1203 1250.0
1011 1203 1750.0
1012 1203 125.0
1014 1203 125.0
1016 1203 125.0
1017 1203 375.0
1018 1203 625.0
1020 1203 125.0
1021 1203 375.0
1022 1203 625.0
1024 1203 125.0
1025 1203 375.0
1026 1203 625.0
1028 1203 125.0
1029 1203 375.0
1030 1203 625.0
1031 1203 125.0
1032 1203 125.0
1033 1203 375.0
1034 1203 625.0
1036 1203 125.0
1037 1203 375.0
1038 1203 625.0
1039 1203 125.0
1041 1203 125.0
1044 1203 125.0
1045 1203 375.0
1046 1203 625.0
1047 1203 125.0
1049 1203 125.0
1050 1203 125.0
1052 1203 125.0
1053 1203 125.0
1054 1203 375.0
1055 1203 625.0
1056 1203 125.0
1057 1203 375.0
1058 1203 625.0
1059 1203 125.0
1061 1203 125.0
1062 1203 250.0
1064 1203 125.0
1066 1203 125.0
1067 1203 375.0
1068 1203 625.0
1070 1203 125.0
1072 1203 125.0
1073 1203 375.0
1074 1203 625.0
1076 1203 125.0
1077 1203 375.0
1078 1203 625.0
1080 1203 125.0
1081 1203 375.0
1082 1203 625.0
1083 1203 125.0
1085 1203 125.0
1087 1203 125.0
1088 1203 375.0
1089 1203 625.0
1091 1203 125.0
1092 1203 375.0
1093 1203 625.0
1095 1203 125.0
1096 1203 375.0
1097 1203 625.0
1099 1203 125.0
1100 1203 375.0
1101 1203 625.0
1103 1203 125.0
1104 1203 375.0
1105 1203 625.0
1107 1203 125.0
1108 1203 375.0
1109 1203 625.0
1110 1203 125.0
1112 1203 125.0
1114 1203 125.0
1115 1203 375.0
1116 1203 625.0
1118 1203 125.0
1119 1203 375.0
1120 1203 625.0
1122 1203 125.0
1124 1203 125.0
1125 1203 125.0
1126 1203 375.0
1127 1203 625.0
1128 1203 125.0
1130 1203 125.0
1132 1203 125.0
1133 1203 375.0
1134 1203 625.0
1136 1203 125.0
1137 1203 375.0
1138 1203 625.0
1140 1203 125.0
1141 1203 375.0
1142 1203 625.0
1144 1203 125.0
1145 1203 375.0
1146 1203 625.0
1148 1203 125.0
1149 1203 375.0
1150 1203 625.0
1152 1203 125.0
1153 1203 375.0
1154 1203 625.0
1155 1203 125.0
1156 1203 375.0
1157 1203 625.0
1159 1203 125.0
1160 1203 375.0
1161 1203 625.0
1162 1203 125.0
1164 1203 125.0
1165 1203 125.0
1166 1203 375.0
1167 1203 625.0
1168 1203 -250.0
1169 1203 250.0
1170 1203 750.0
1171 1203 1250.0
1172 1203 1750.0
1173 1203 125.0
1175 1203 125.0
1177 1203 125.0
1178 1203 375.0
1179 1203 625.0
1181 1203 125.0
1182 1203 375.0
1183 1203 625.0
1184 1203 125.0
1186 1203 125.0
1187 1203 125.0
1188 1203 375.0
1189 1203 625.0
1190 1203 125.0
1192 1203 125.0
1194 1203 125.0
1196 1203 125.0
1197 1203 375.0
1198 1203 625.0
1200 1203 125.0
1201 1203 375.0
1202 1203 625.0
