687 2874
1 0 -375.0
2 0 125.0
2 1 -375.0
4 0 -125.0
4 1 125.0
4 2 -125.0
4 3 125.0
5 0 -250.0
5 1 250.0
5 2 -250.0
5 3 125.0
5 4 375.0
7 6 -375.0
8 6 125.0
8 7 -375.0
10 6 -125.0
10 7 125.0
10 8 -125.0
10 9 125.0
11 6 -250.0
11 7 250.0
11 8 -250.0
11 9 125.0
11 10 375.0
13 12 -375.0
14 12 125.0
14 13 -375.0
15 6 125.0
15 12 125.0
15 13 -375.0
15 14 125.0
16 12 125.0
16 13 -375.0
16 14 125.0
16 15 125.0
18 12 -125.0
18 13 125.0
18 14 -125.0
18 15 -125.0
18 16 -125.0
18 17 125.0
19 12 -250.0
19 13 250.0
19 14 -250.0
19 15 -250.0
19 16 -250.0
19 17 125.0
19 18 375.0
20 12 -375.0
20 13 375.0
20 14 -375.0
20 15 -375.0
20 16 -375.0
20 17 125.0
20 18 500.0
20 19 875.0
21 12 -500.0
21 13 500.0
21 14 -500.0
21 15 -500.0
21 16 -500.0
21 17 125.0
21 18 625.0
21 19 1125.0
21 20 1625.0
23 22 -375.0
25 22 -125.0
25 23 125.0
25 24 125.0
27 26 -375.0
28 26 125.0
28 27 -375.0
29 26 125.0
29 27 -375.0
29 28 125.0
31 26 -125.0
31 27 125.0
31 28 -125.0
31 29 -125.0
31 30 125.0
32 26 -250.0
32 27 250.0
32 28 -250.0
32 29 -250.0
32 30 125.0
32 31 375.0
33 26 -375.0
33 27 375.0
33 28 -375.0
33 29 -375.0
33 30 125.0
33 31 500.0
33 32 875.0
35 34 -375.0
36 34 125.0
36 35 -375.0
37 34 125.0
37 35 -375.0
37 36 125.0
38 34 125.0
38 35 -375.0
38 36 125.0
38 37 125.0
39 34 125.0
39 35 -375.0
39 36 125.0
39 37 125.0
39 38 125.0
41 34 -125.0
41 35 125.0
41 36 -125.0
41 37 -125.0
41 38 -125.0
41 39 -125.0
41 40 125.0
42 34 -250.0
42 35 250.0
42 36 -250.0
42 37 -250.0
42 38 -250.0
42 39 -250.0
42 40 125.0
42 41 375.0
43 34 -375.0
43 35 375.0
43 36 -375.0
43 37 -375.0
43 38 -375.0
43 39 -375.0
43 40 125.0
43 41 500.0
43 42 875.0
44 34 -500.0
44 35 500.0
44 36 -500.0
44 37 -500.0
44 38 -500.0
44 39 -500.0
44 40 125.0
44 41 625.0
44 42 1125.0
44 43 1625.0
45 34 -625.0
45 35 625.0
45 36 -625.0
45 37 -625.0
45 38 -625.0
45 39 -625.0
45 40 125.0
45 41 750.0
45 42 1375.0
45 43 2000.0
45 44 2625.0
47 46 -375.0
48 46 125.0
48 47 -375.0
50 46 -125.0
50 47 125.0
50 48 -125.0
50 49 125.0
51 46 -250.0
51 47 250.0
51 48 -250.0
51 49 125.0
51 50 375.0
53 52 -375.0
55 52 -125.0
55 53 125.0
55 54 125.0
57 56 -375.0
58 56 125.0
58 57 -375.0
59 56 125.0
59 57 -375.0
59 58 125.0
61 56 -125.0
61 57 125.0
61 58 -125.0
61 59 -125.0
61 60 125.0
62 56 -250.0
62 57 250.0
62 58 -250.0
62 59 -250.0
62 60 125.0
62 61 375.0
63 56 -375.0
63 57 375.0
63 58 -375.0
63 59 -375.0
63 60 125.0
63 61 500.0
63 62 875.0
64 8 -375.0
66 8 -125.0
66 64 125.0
66 65 125.0
68 67 -375.0
70 67 -125.0
70 68 125.0
70 69 125.0
72 71 -375.0
73 71 125.0
73 72 -375.0
74 71 125.0
74 72 -375.0
74 73 125.0
76 71 -125.0
76 72 125.0
76 73 -125.0
76 74 -125.0
76 75 125.0
77 71 -250.0
77 72 250.0
77 73 -250.0
77 74 -250.0
77 75 125.0
77 76 375.0
78 71 -375.0
78 72 375.0
78 73 -375.0
78 74 -375.0
78 75 125.0
78 76 500.0
78 77 875.0
79 67 -375.0
81 67 -125.0
81 79 125.0
81 80 125.0
83 82 -375.0
84 82 125.0
84 83 -375.0
86 82 -125.0
86 83 125.0
86 84 -125.0
86 85 125.0
87 82 -250.0
87 83 250.0
87 84 -250.0
87 85 125.0
87 86 375.0
88 82 125.0
89 82 -375.0
89 88 -375.0
90 82 125.0
90 88 125.0
90 89 -375.0
92 82 -125.0
92 88 -125.0
92 89 125.0
92 90 -125.0
92 91 125.0
93 82 -250.0
93 88 -250.0
93 89 250.0
93 90 -250.0
93 91 125.0
93 92 375.0
94 82 -375.0
94 88 -375.0
94 89 375.0
94 90 -375.0
94 91 125.0
94 92 500.0
94 93 875.0
96 95 -375.0
97 95 125.0
97 96 -375.0
98 95 125.0
98 96 -375.0
98 97 125.0
100 95 -125.0
100 96 125.0
100 97 -125.0
100 98 -125.0
100 99 125.0
101 95 -250.0
101 96 250.0
101 97 -250.0
101 98 -250.0
101 99 125.0
101 100 375.0
102 95 -375.0
102 96 375.0
102 97 -375.0
102 98 -375.0
102 99 125.0
102 100 500.0
102 101 875.0
103 68 -375.0
104 71 -375.0
104 103 -375.0
106 103 -125.0
106 104 125.0
106 105 125.0
107 97 -375.0
108 97 125.0
108 107 -375.0
110 97 -125.0
110 107 125.0
110 108 -125.0
110 109 125.0
111 97 -250.0
111 107 250.0
111 108 -250.0
111 109 125.0
111 110 375.0
113 112 -375.0
114 112 125.0
114 113 -375.0
115 89 -375.0
115 112 125.0
115 113 -375.0
115 114 125.0
117 112 -125.0
117 113 125.0
117 114 -125.0
117 115 -125.0
117 116 125.0
118 112 -250.0
118 113 250.0
118 114 -250.0
118 115 -250.0
118 116 125.0
118 117 375.0
119 112 -375.0
119 113 375.0
119 114 -375.0
119 115 -375.0
119 116 125.0
119 117 500.0
119 118 875.0
120 26 -375.0
121 26 125.0
121 27 -375.0
121 120 -375.0
122 26 125.0
122 120 -375.0
122 121 125.0
123 26 125.0
123 113 -375.0
123 120 -375.0
123 121 125.0
123 122 125.0
124 26 125.0
124 120 -375.0
124 121 125.0
124 122 125.0
124 123 125.0
126 26 -125.0
126 120 125.0
126 121 -125.0
126 122 -125.0
126 123 -125.0
126 124 -125.0
126 125 125.0
127 26 -250.0
127 120 250.0
127 121 -250.0
127 122 -250.0
127 123 -250.0
127 124 -250.0
127 125 125.0
127 126 375.0
128 26 -375.0
128 120 375.0
128 121 -375.0
128 122 -375.0
128 123 -375.0
128 124 -375.0
128 125 125.0
128 126 500.0
128 127 875.0
129 26 -500.0
129 120 500.0
129 121 -500.0
129 122 -500.0
129 123 -500.0
129 124 -500.0
129 125 125.0
129 126 625.0
129 127 1125.0
129 128 1625.0
130 26 -625.0
130 120 625.0
130 121 -625.0
130 122 -625.0
130 123 -625.0
130 124 -625.0
130 125 125.0
130 126 750.0
130 127 1375.0
130 128 2000.0
130 129 2625.0
132 131 -375.0
134 131 -125.0
134 132 125.0
134 133 125.0
136 59 -375.0
136 135 -375.0
137 135 125.0
137 136 -375.0
139 135 -125.0
139 136 125.0
139 137 -125.0
139 138 125.0
140 135 -250.0
140 136 250.0
140 137 -250.0
140 138 125.0
140 139 375.0
141 2 125.0
142 52 -375.0
142 141 -375.0
143 1 -375.0
143 141 125.0
143 142 -375.0
145 141 -125.0
145 142 125.0
145 143 -125.0
145 144 125.0
146 141 -250.0
146 142 250.0
146 143 -250.0
146 144 125.0
146 145 375.0
148 147 -375.0
149 147 125.0
149 148 -375.0
150 7 -375.0
150 147 125.0
150 148 -375.0
150 149 125.0
152 147 -125.0
152 148 125.0
152 149 -125.0
152 150 -125.0
152 151 125.0
153 147 -250.0
153 148 250.0
153 149 -250.0
153 150 -250.0
153 151 125.0
153 152 375.0
154 147 -375.0
154 148 375.0
154 149 -375.0
154 150 -375.0
154 151 125.0
154 152 500.0
154 153 875.0
156 155 -375.0
158 155 -125.0
158 156 125.0
158 157 125.0
159 27 -375.0
160 28 -375.0
160 122 -375.0
160 159 -375.0
161 120 -375.0
161 159 125.0
161 160 -375.0
162 131 125.0
162 159 125.0
162 160 -375.0
162 161 125.0
163 132 -375.0
163 159 125.0
163 160 -375.0
163 161 125.0
163 162 125.0
165 159 -125.0
165 160 125.0
165 161 -125.0
165 162 -125.0
165 163 -125.0
165 164 125.0
166 159 -250.0
166 160 250.0
166 161 -250.0
166 162 -250.0
166 163 -250.0
166 164 125.0
166 165 375.0
167 159 -375.0
167 160 375.0
167 161 -375.0
167 162 -375.0
167 163 -375.0
167 164 125.0
167 165 500.0
167 166 875.0
168 159 -500.0
168 160 500.0
168 161 -500.0
168 162 -500.0
168 163 -500.0
168 164 125.0
168 165 625.0
168 166 1125.0
168 167 1625.0
169 137 125.0
170 58 -375.0
170 169 -375.0
172 169 -125.0
172 170 125.0
172 171 125.0
173 2 125.0
173 83 -375.0
173 141 125.0
174 2 -375.0
174 141 -375.0
174 173 -375.0
176 2 -125.0
176 141 -125.0
176 173 -125.0
176 174 125.0
176 175 125.0
177 2 -250.0
177 141 -250.0
177 173 -250.0
177 174 250.0
177 175 125.0
177 176 375.0
178 2 -375.0
178 141 -375.0
178 173 -375.0
178 174 375.0
178 175 125.0
178 176 500.0
178 177 875.0
179 47 -375.0
180 179 -375.0
181 131 125.0
181 162 125.0
181 179 125.0
181 180 -375.0
182 179 125.0
182 180 -375.0
182 181 125.0
184 179 -125.0
184 180 125.0
184 181 -125.0
184 182 -125.0
184 183 125.0
185 179 -250.0
185 180 250.0
185 181 -250.0
185 182 -250.0
185 183 125.0
185 184 375.0
186 179 -375.0
186 180 375.0
186 181 -375.0
186 182 -375.0
186 183 125.0
186 184 500.0
186 185 875.0
188 187 -375.0
189 187 125.0
189 188 -375.0
191 187 -125.0
191 188 125.0
191 189 -125.0
191 190 125.0
192 187 -250.0
192 188 250.0
192 189 -250.0
192 190 125.0
192 191 375.0
193 187 -375.0
194 187 125.0
194 193 -375.0
196 187 -125.0
196 193 125.0
196 194 -125.0
196 195 125.0
197 187 -250.0
197 193 250.0
197 194 -250.0
197 195 125.0
197 196 375.0
198 84 125.0
198 132 -375.0
199 0 -375.0
199 84 -375.0
199 90 -375.0
199 198 -375.0
201 84 -125.0
201 198 -125.0
201 199 125.0
201 200 125.0
202 84 -250.0
202 198 -250.0
202 199 250.0
202 200 125.0
202 201 375.0
203 137 125.0
203 169 125.0
204 137 -375.0
204 169 -375.0
204 203 -375.0
206 137 -125.0
206 169 -125.0
206 203 -125.0
206 204 125.0
206 205 125.0
207 137 -250.0
207 169 -250.0
207 203 -250.0
207 204 250.0
207 205 125.0
207 206 375.0
208 137 -375.0
208 169 -375.0
208 203 -375.0
208 204 375.0
208 205 125.0
208 206 500.0
208 207 875.0
210 22 -375.0
210 209 -375.0
211 209 125.0
211 210 -375.0
212 156 -375.0
212 209 125.0
212 210 -375.0
212 211 125.0
213 35 -375.0
213 209 125.0
213 210 -375.0
213 211 125.0
213 212 125.0
215 209 -125.0
215 210 125.0
215 211 -125.0
215 212 -125.0
215 213 -125.0
215 214 125.0
216 209 -250.0
216 210 250.0
216 211 -250.0
216 212 -250.0
216 213 -250.0
216 214 125.0
216 215 375.0
217 209 -375.0
217 210 375.0
217 211 -375.0
217 212 -375.0
217 213 -375.0
217 214 125.0
217 215 500.0
217 216 875.0
218 209 -500.0
218 210 500.0
218 211 -500.0
218 212 -500.0
218 213 -500.0
218 214 125.0
218 215 625.0
218 216 1125.0
218 217 1625.0
219 131 -375.0
219 162 -375.0
219 181 -375.0
221 131 -125.0
221 162 -125.0
221 181 -125.0
221 219 125.0
221 220 125.0
222 131 -250.0
222 162 -250.0
222 181 -250.0
222 219 250.0
222 220 125.0
222 221 375.0
223 131 -375.0
223 162 -375.0
223 181 -375.0
223 219 375.0
223 220 125.0
223 221 500.0
223 222 875.0
224 6 -375.0
224 15 -375.0
224 16 -375.0
225 6 125.0
225 15 125.0
225 64 -375.0
225 224 -375.0
226 6 125.0
226 15 125.0
226 23 -375.0
226 224 -375.0
226 225 125.0
228 6 -125.0
228 15 -125.0
228 224 125.0
228 225 -125.0
228 226 -125.0
228 227 125.0
229 6 -250.0
229 15 -250.0
229 224 250.0
229 225 -250.0
229 226 -250.0
229 227 125.0
229 228 375.0
230 6 -375.0
230 15 -375.0
230 224 375.0
230 225 -375.0
230 226 -375.0
230 227 125.0
230 228 500.0
230 229 875.0
231 6 -500.0
231 15 -500.0
231 224 500.0
231 225 -500.0
231 226 -500.0
231 227 125.0
231 228 625.0
231 229 1125.0
231 230 1625.0
232 36 125.0
232 56 125.0
233 34 -375.0
233 56 -375.0
233 98 -375.0
233 232 -375.0
235 56 -125.0
235 232 -125.0
235 233 125.0
235 234 125.0
236 56 -250.0
236 232 -250.0
236 233 250.0
236 234 125.0
236 235 375.0
237 147 -375.0
239 147 -125.0
239 237 125.0
239 238 125.0
240 210 -375.0
241 37 -375.0
241 108 -375.0
241 240 -375.0
242 96 -375.0
242 240 125.0
242 241 -375.0
243 240 125.0
243 241 -375.0
243 242 125.0
245 240 -125.0
245 241 125.0
245 242 -125.0
245 243 -125.0
245 244 125.0
246 240 -250.0
246 241 250.0
246 242 -250.0
246 243 -250.0
246 244 125.0
246 245 375.0
247 240 -375.0
247 241 375.0
247 242 -375.0
247 243 -375.0
247 244 125.0
247 245 500.0
247 246 875.0
248 38 125.0
249 39 -375.0
249 135 -375.0
249 248 -375.0
251 248 -125.0
251 249 125.0
251 250 125.0
252 1 -375.0
252 182 125.0
253 48 -375.0
253 182 -375.0
253 252 -375.0
254 132 -375.0
254 182 125.0
254 252 125.0
254 253 -375.0
256 182 -125.0
256 252 -125.0
256 253 125.0
256 254 -125.0
256 255 125.0
257 182 -250.0
257 252 -250.0
257 253 250.0
257 254 -250.0
257 255 125.0
257 256 375.0
258 182 -375.0
258 252 -375.0
258 253 375.0
258 254 -375.0
258 255 125.0
258 256 500.0
258 257 875.0
259 155 -375.0
260 155 125.0
260 156 -375.0
260 259 -375.0
262 155 -125.0
262 259 125.0
262 260 -125.0
262 261 125.0
263 155 -250.0
263 259 250.0
263 260 -250.0
263 261 125.0
263 262 375.0
264 149 -375.0
265 64 -375.0
265 149 125.0
265 264 -375.0
267 149 -125.0
267 264 125.0
267 265 -125.0
267 266 125.0
268 149 -250.0
268 264 250.0
268 265 -250.0
268 266 125.0
268 267 375.0
270 269 -375.0
272 269 -125.0
272 270 125.0
272 271 125.0
273 211 125.0
274 211 -375.0
274 273 -375.0
275 74 125.0
275 211 125.0
275 273 125.0
275 274 -375.0
276 210 -375.0
276 211 125.0
276 273 125.0
276 274 -375.0
276 275 125.0
278 211 -125.0
278 273 -125.0
278 274 125.0
278 275 -125.0
278 276 -125.0
278 277 125.0
279 211 -250.0
279 273 -250.0
279 274 250.0
279 275 -250.0
279 276 -250.0
279 277 125.0
279 278 375.0
280 211 -375.0
280 273 -375.0
280 274 375.0
280 275 -375.0
280 276 -375.0
280 277 125.0
280 278 500.0
280 279 875.0
281 211 -500.0
281 273 -500.0
281 274 500.0
281 275 -500.0
281 276 -500.0
281 277 125.0
281 278 625.0
281 279 1125.0
281 280 1625.0
282 53 -375.0
282 124 125.0
283 46 -375.0
283 124 -375.0
283 282 -375.0
284 47 -375.0
284 124 125.0
284 282 125.0
284 283 -375.0
286 124 -125.0
286 282 -125.0
286 283 125.0
286 284 -125.0
286 285 125.0
287 124 -250.0
287 282 -250.0
287 283 250.0
287 284 -250.0
287 285 125.0
287 286 375.0
288 124 -375.0
288 282 -375.0
288 283 375.0
288 284 -375.0
288 285 125.0
288 286 500.0
288 287 875.0
290 289 -375.0
292 289 -125.0
292 290 125.0
292 291 125.0
293 13 -375.0
293 74 125.0
293 275 125.0
294 74 -375.0
294 95 -375.0
294 209 -375.0
294 275 -375.0
294 293 -375.0
296 74 -125.0
296 275 -125.0
296 293 -125.0
296 294 125.0
296 295 125.0
297 74 -250.0
297 275 -250.0
297 293 -250.0
297 294 250.0
297 295 125.0
297 296 375.0
298 74 -375.0
298 275 -375.0
298 293 -375.0
298 294 375.0
298 295 125.0
298 296 500.0
298 297 875.0
299 38 -375.0
299 203 -375.0
299 248 -375.0
301 38 -125.0
301 248 -125.0
301 299 125.0
301 300 125.0
302 38 -250.0
302 248 -250.0
302 299 250.0
302 300 125.0
302 301 375.0
303 188 -375.0
304 189 -375.0
304 194 -375.0
304 303 -375.0
305 47 -375.0
305 303 125.0
305 304 -375.0
306 270 -375.0
306 303 125.0
306 304 -375.0
306 305 125.0
308 303 -125.0
308 304 125.0
308 305 -125.0
308 306 -125.0
308 307 125.0
309 303 -250.0
309 304 250.0
309 305 -250.0
309 306 -250.0
309 307 125.0
309 308 375.0
310 303 -375.0
310 304 375.0
310 305 -375.0
310 306 -375.0
310 307 125.0
310 308 500.0
310 309 875.0
311 12 125.0
311 237 -375.0
312 12 -375.0
312 73 -375.0
312 311 -375.0
314 12 -125.0
314 311 -125.0
314 312 125.0
314 313 125.0
315 12 -250.0
315 311 -250.0
315 312 250.0
315 313 125.0
315 314 375.0
316 14 -375.0
316 273 -375.0
317 14 125.0
317 224 -375.0
317 316 -375.0
319 14 -125.0
319 316 125.0
319 317 -125.0
319 318 125.0
320 14 -250.0
320 316 250.0
320 317 -250.0
320 318 125.0
320 319 375.0
321 36 -375.0
321 232 -375.0
322 35 -375.0
322 36 125.0
322 232 125.0
322 321 -375.0
324 36 -125.0
324 232 -125.0
324 321 125.0
324 322 -125.0
324 323 125.0
325 36 -250.0
325 232 -250.0
325 321 250.0
325 322 -250.0
325 323 125.0
325 324 375.0
326 36 -375.0
326 232 -375.0
326 321 375.0
326 322 -375.0
326 323 125.0
326 324 500.0
326 325 875.0
327 29 -375.0
327 88 -375.0
327 112 -375.0
327 114 -375.0
328 89 -375.0
328 112 125.0
328 327 -375.0
330 112 -125.0
330 327 125.0
330 328 -125.0
330 329 125.0
331 112 -250.0
331 327 250.0
331 328 -250.0
331 329 125.0
331 330 375.0
332 269 125.0
332 304 -375.0
333 269 -375.0
333 332 -375.0
335 269 -125.0
335 332 -125.0
335 333 125.0
335 334 125.0
336 269 -250.0
336 332 -250.0
336 333 250.0
336 334 125.0
336 335 375.0
337 2 -375.0
337 8 -375.0
337 67 -375.0
337 84 -375.0
337 131 -375.0
337 137 -375.0
337 149 -375.0
337 155 -375.0
337 182 -375.0
337 248 -375.0
337 269 -375.0
339 155 125.0
339 337 -125.0
339 338 125.0
340 0 -375.0
340 64 125.0
340 132 125.0
340 135 -375.0
340 199 125.0
340 249 125.0
340 254 -375.0
340 265 -375.0
342 132 -125.0
342 254 125.0
342 340 -125.0
342 341 125.0
343 132 -250.0
343 254 250.0
343 340 -250.0
343 341 125.0
343 342 375.0
344 1 125.0
344 252 -375.0
346 1 -125.0
346 252 125.0
346 344 -125.0
346 345 125.0
347 1 -250.0
347 252 250.0
347 344 -250.0
347 345 125.0
347 346 375.0
349 269 125.0
349 337 -125.0
349 348 125.0
350 210 125.0
350 240 -375.0
352 210 -125.0
352 240 125.0
352 350 -125.0
352 351 125.0
353 210 -250.0
353 240 250.0
353 350 -250.0
353 351 125.0
353 352 375.0
354 59 -375.0
354 136 125.0
356 59 125.0
356 136 -125.0
356 354 -125.0
356 355 125.0
357 59 250.0
357 136 -250.0
357 354 -250.0
357 355 125.0
357 356 375.0
359 64 -125.0
359 265 125.0
359 340 -125.0
359 358 125.0
360 64 -250.0
360 265 250.0
360 340 -250.0
360 358 125.0
360 359 375.0
362 2 125.0
362 337 -125.0
362 361 125.0
363 89 125.0
363 115 -375.0
363 122 -375.0
363 160 125.0
363 194 -375.0
363 304 125.0
365 122 125.0
365 160 -125.0
365 363 -125.0
365 364 125.0
366 122 250.0
366 160 -250.0
366 363 -250.0
366 364 125.0
366 365 375.0
367 98 -375.0
367 233 125.0
369 98 125.0
369 233 -125.0
369 367 -125.0
369 368 125.0
370 98 250.0
370 233 -250.0
370 367 -250.0
370 368 125.0
370 369 375.0
371 26 -375.0
371 112 -375.0
371 124 -375.0
371 187 -375.0
373 112 125.0
373 371 -125.0
373 372 125.0
374 23 125.0
374 226 -375.0
376 23 -125.0
376 226 125.0
376 374 -125.0
376 375 125.0
377 23 -250.0
377 226 250.0
377 374 -250.0
377 375 125.0
377 376 375.0
378 48 -375.0
378 253 125.0
380 48 125.0
380 253 -125.0
380 378 -125.0
380 379 125.0
381 48 250.0
381 253 -250.0
381 378 -250.0
381 379 125.0
381 380 375.0
382 34 -375.0
382 96 125.0
382 209 -375.0
382 233 125.0
382 242 -375.0
382 294 125.0
383 34 -375.0
383 96 125.0
383 233 125.0
383 242 -375.0
383 382 250.0
385 96 -125.0
385 242 125.0
385 382 -125.0
385 383 -125.0
385 384 125.0
386 96 -250.0
386 242 250.0
386 382 -250.0
386 383 -250.0
386 384 125.0
386 385 375.0
387 96 -375.0
387 242 375.0
387 382 -375.0
387 383 -375.0
387 384 125.0
387 385 500.0
387 386 875.0
389 135 125.0
389 249 -125.0
389 340 -125.0
389 388 125.0
390 135 250.0
390 249 -250.0
390 340 -250.0
390 388 125.0
390 389 375.0
392 89 -125.0
392 115 125.0
392 363 -125.0
392 391 125.0
393 89 -250.0
393 115 250.0
393 363 -250.0
393 391 125.0
393 392 375.0
394 12 -375.0
394 14 -375.0
394 56 -375.0
394 74 -375.0
394 97 -375.0
394 232 -375.0
394 275 -375.0
395 232 -375.0
395 394 125.0
397 232 125.0
397 394 -125.0
397 395 -125.0
397 396 125.0
398 232 250.0
398 394 -250.0
398 395 -250.0
398 396 125.0
398 397 375.0
399 47 125.0
399 305 -375.0
401 47 -125.0
401 305 125.0
401 399 -125.0
401 400 125.0
402 47 -250.0
402 305 250.0
402 399 -250.0
402 400 125.0
402 401 375.0
404 275 125.0
404 394 -125.0
404 403 125.0
405 7 125.0
405 83 125.0
405 150 -375.0
405 173 -375.0
405 181 -375.0
405 203 -375.0
405 299 125.0
407 181 125.0
407 405 -125.0
407 406 125.0
408 36 -375.0
408 211 -375.0
410 211 125.0
410 408 -125.0
410 409 125.0
411 22 -375.0
411 210 125.0
413 22 125.0
413 210 -125.0
413 411 -125.0
413 412 125.0
414 22 250.0
414 210 -250.0
414 411 -250.0
414 412 125.0
414 413 375.0
415 28 -375.0
415 35 125.0
415 47 125.0
415 52 -375.0
415 58 -375.0
415 71 -375.0
415 89 125.0
415 104 125.0
415 108 -375.0
415 142 125.0
415 160 125.0
415 170 125.0
415 189 -375.0
415 210 125.0
415 224 125.0
415 237 125.0
415 241 125.0
415 276 -375.0
415 284 -375.0
415 304 125.0
415 311 -375.0
415 317 -375.0
415 322 -375.0
415 328 -375.0
416 47 125.0
416 52 -375.0
416 58 -375.0
416 71 -375.0
416 104 125.0
416 142 125.0
416 170 125.0
416 189 -375.0
416 237 125.0
416 284 -375.0
416 304 125.0
416 311 -375.0
416 415 750.0
418 58 125.0
418 170 -125.0
418 415 -125.0
418 416 -125.0
418 417 125.0
419 58 250.0
419 170 -250.0
419 415 -250.0
419 416 -250.0
419 417 125.0
419 418 375.0
420 58 375.0
420 170 -375.0
420 415 -375.0
420 416 -375.0
420 417 125.0
420 418 500.0
420 419 875.0
421 120 125.0
421 161 -375.0
423 120 -125.0
423 161 125.0
423 421 -125.0
423 422 125.0
424 120 -250.0
424 161 250.0
424 421 -250.0
424 422 125.0
424 423 375.0
426 52 125.0
426 142 -125.0
426 415 -125.0
426 416 -125.0
426 425 125.0
427 52 250.0
427 142 -250.0
427 415 -250.0
427 416 -250.0
427 425 125.0
427 426 375.0
428 52 375.0
428 142 -375.0
428 415 -375.0
428 416 -375.0
428 425 125.0
428 426 500.0
428 427 875.0
429 47 125.0
429 162 -375.0
429 179 -375.0
430 82 -375.0
430 141 -375.0
430 162 -375.0
430 429 125.0
431 162 -375.0
431 429 125.0
431 430 125.0
433 162 125.0
433 429 -125.0
433 430 -125.0
433 431 -125.0
433 432 125.0
434 162 250.0
434 429 -250.0
434 430 -250.0
434 431 -250.0
434 432 125.0
434 433 375.0
435 162 375.0
435 429 -375.0
435 430 -375.0
435 431 -375.0
435 432 125.0
435 433 500.0
435 434 875.0
436 13 125.0
436 293 -375.0
438 13 -125.0
438 293 125.0
438 436 -125.0
438 437 125.0
439 13 -250.0
439 293 250.0
439 436 -250.0
439 437 125.0
439 438 375.0
440 56 -375.0
440 74 -375.0
440 124 -375.0
440 187 -375.0
440 371 250.0
440 394 250.0
442 74 125.0
442 394 -125.0
442 440 -125.0
442 441 125.0
443 74 250.0
443 394 -250.0
443 440 -250.0
443 441 125.0
443 442 375.0
445 34 125.0
445 233 -125.0
445 382 -125.0
445 383 -125.0
445 444 125.0
446 34 250.0
446 233 -250.0
446 382 -250.0
446 383 -250.0
446 444 125.0
446 445 375.0
447 34 375.0
447 233 -375.0
447 382 -375.0
447 383 -375.0
447 444 125.0
447 445 500.0
447 446 875.0
448 73 -375.0
448 273 -375.0
448 312 125.0
448 316 125.0
450 73 125.0
450 312 -125.0
450 448 -125.0
450 449 125.0
451 73 250.0
451 312 -250.0
451 448 -250.0
451 449 125.0
451 450 375.0
453 248 125.0
453 337 -125.0
453 452 125.0
454 39 -375.0
454 64 125.0
454 90 -375.0
454 132 125.0
454 163 -375.0
454 199 125.0
454 225 -375.0
454 249 125.0
454 270 125.0
454 306 -375.0
456 39 125.0
456 249 -125.0
456 454 -125.0
456 455 125.0
457 39 250.0
457 249 -250.0
457 454 -250.0
457 455 125.0
457 456 375.0
458 29 -375.0
458 53 125.0
458 282 -375.0
458 327 125.0
460 53 -125.0
460 282 125.0
460 458 -125.0
460 459 125.0
461 53 -250.0
461 282 250.0
461 458 -250.0
461 459 125.0
461 460 375.0
462 68 125.0
462 103 -375.0
462 156 125.0
462 212 -375.0
462 243 -375.0
464 68 -125.0
464 103 125.0
464 462 -125.0
464 463 125.0
465 68 -250.0
465 103 250.0
465 462 -250.0
465 463 125.0
465 464 375.0
466 156 125.0
466 260 -375.0
466 289 -375.0
468 289 125.0
468 466 -125.0
468 467 125.0
469 46 -375.0
469 188 125.0
469 283 125.0
469 303 -375.0
470 46 -375.0
470 188 125.0
470 283 125.0
470 303 -375.0
470 469 250.0
472 46 125.0
472 283 -125.0
472 469 -125.0
472 470 -125.0
472 471 125.0
473 46 250.0
473 283 -250.0
473 469 -250.0
473 470 -250.0
473 471 125.0
473 472 375.0
474 46 375.0
474 283 -375.0
474 469 -375.0
474 470 -375.0
474 471 125.0
474 472 500.0
474 473 875.0
476 149 125.0
476 337 -125.0
476 475 125.0
478 131 125.0
478 337 -125.0
478 477 125.0
480 224 -125.0
480 317 125.0
480 415 -125.0
480 479 125.0
481 224 -250.0
481 317 250.0
481 415 -250.0
481 479 125.0
481 480 375.0
482 1 125.0
482 143 -375.0
483 1 125.0
483 90 -375.0
483 143 -375.0
483 199 125.0
483 454 125.0
483 482 125.0
485 1 -125.0
485 143 125.0
485 482 -125.0
485 483 -125.0
485 484 125.0
486 1 -250.0
486 143 250.0
486 482 -250.0
486 483 -250.0
486 484 125.0
486 485 375.0
487 1 -375.0
487 143 375.0
487 482 -375.0
487 483 -375.0
487 484 125.0
487 485 500.0
487 486 875.0
489 137 125.0
489 337 -125.0
489 488 125.0
490 156 125.0
490 260 -375.0
490 466 125.0
492 156 -125.0
492 260 125.0
492 466 -125.0
492 490 -125.0
492 491 125.0
493 156 -250.0
493 260 250.0
493 466 -250.0
493 490 -250.0
493 491 125.0
493 492 375.0
494 156 -375.0
494 260 375.0
494 466 -375.0
494 490 -375.0
494 491 125.0
494 492 500.0
494 493 875.0
495 27 125.0
495 88 -375.0
495 159 -375.0
495 327 125.0
496 27 125.0
496 88 -375.0
496 159 -375.0
496 327 125.0
496 495 250.0
498 88 125.0
498 327 -125.0
498 495 -125.0
498 496 -125.0
498 497 125.0
499 88 250.0
499 327 -250.0
499 495 -250.0
499 496 -250.0
499 497 125.0
499 498 375.0
500 88 375.0
500 327 -375.0
500 495 -375.0
500 496 -375.0
500 497 125.0
500 498 500.0
500 499 875.0
501 210 125.0
501 276 -375.0
501 415 125.0
503 210 -125.0
503 276 125.0
503 415 -125.0
503 501 -125.0
503 502 125.0
504 210 -250.0
504 276 250.0
504 415 -250.0
504 501 -250.0
504 502 125.0
504 503 375.0
505 210 -375.0
505 276 375.0
505 415 -375.0
505 501 -375.0
505 502 125.0
505 503 500.0
505 504 875.0
507 7 -125.0
507 150 125.0
507 405 -125.0
507 506 125.0
508 7 -250.0
508 150 250.0
508 405 -250.0
508 506 125.0
508 507 375.0
510 132 -125.0
510 163 125.0
510 454 -125.0
510 509 125.0
511 132 -250.0
511 163 250.0
511 454 -250.0
511 509 125.0
511 510 375.0
513 56 125.0
513 394 -125.0
513 440 -125.0
513 512 125.0
514 56 250.0
514 394 -250.0
514 440 -250.0
514 512 125.0
514 513 375.0
516 97 125.0
516 394 -125.0
516 515 125.0
518 187 125.0
518 371 -125.0
518 440 -125.0
518 517 125.0
519 187 250.0
519 371 -250.0
519 440 -250.0
519 517 125.0
519 518 375.0
521 182 125.0
521 337 -125.0
521 520 125.0
523 108 125.0
523 241 -125.0
523 415 -125.0
523 522 125.0
524 108 250.0
524 241 -250.0
524 415 -250.0
524 522 125.0
524 523 375.0
526 47 -125.0
526 284 125.0
526 415 -125.0
526 416 -125.0
526 525 125.0
527 47 -250.0
527 284 250.0
527 415 -250.0
527 416 -250.0
527 525 125.0
527 526 375.0
528 47 -375.0
528 284 375.0
528 415 -375.0
528 416 -375.0
528 525 125.0
528 526 500.0
528 527 875.0
530 203 125.0
530 299 -125.0
530 405 -125.0
530 529 125.0
531 203 250.0
531 299 -250.0
531 405 -250.0
531 529 125.0
531 530 375.0
533 156 -125.0
533 212 125.0
533 462 -125.0
533 532 125.0
534 156 -250.0
534 212 250.0
534 462 -250.0
534 532 125.0
534 533 375.0
536 35 -125.0
536 322 125.0
536 415 -125.0
536 535 125.0
537 35 -250.0
537 322 250.0
537 415 -250.0
537 535 125.0
537 536 375.0
538 64 125.0
538 225 -375.0
538 454 125.0
540 64 -125.0
540 225 125.0
540 454 -125.0
540 538 -125.0
540 539 125.0
541 64 -250.0
541 225 250.0
541 454 -250.0
541 538 -250.0
541 539 125.0
541 540 375.0
542 64 -375.0
542 225 375.0
542 454 -375.0
542 538 -375.0
542 539 125.0
542 540 500.0
542 541 875.0
543 26 -375.0
543 124 -375.0
543 371 250.0
543 440 125.0
545 26 125.0
545 371 -125.0
545 543 -125.0
545 544 125.0
546 26 250.0
546 371 -250.0
546 543 -250.0
546 544 125.0
546 545 375.0
548 194 125.0
548 304 -125.0
548 363 -125.0
548 547 125.0
549 194 250.0
549 304 -250.0
549 363 -250.0
549 547 125.0
549 548 375.0
551 209 125.0
551 294 -125.0
551 382 -125.0
551 550 125.0
552 209 250.0
552 294 -250.0
552 382 -250.0
552 550 125.0
552 551 375.0
554 27 -125.0
554 159 125.0
554 495 -125.0
554 496 -125.0
554 553 125.0
555 27 -250.0
555 159 250.0
555 495 -250.0
555 496 -250.0
555 553 125.0
555 554 375.0
556 27 -375.0
556 159 375.0
556 495 -375.0
556 496 -375.0
556 553 125.0
556 554 500.0
556 555 875.0
558 237 -125.0
558 311 125.0
558 415 -125.0
558 416 -125.0
558 557 125.0
559 237 -250.0
559 311 250.0
559 415 -250.0
559 416 -250.0
559 557 125.0
559 558 375.0
560 237 -375.0
560 311 375.0
560 415 -375.0
560 416 -375.0
560 557 125.0
560 558 500.0
560 559 875.0
562 67 125.0
562 337 -125.0
562 561 125.0
563 95 -375.0
563 294 125.0
565 95 125.0
565 294 -125.0
565 563 -125.0
565 564 125.0
566 95 250.0
566 294 -250.0
566 563 -250.0
566 564 125.0
566 565 375.0
567 27 125.0
567 114 -375.0
567 121 -375.0
567 327 125.0
569 114 125.0
569 327 -125.0
569 567 -125.0
569 568 125.0
570 114 250.0
570 327 -250.0
570 567 -250.0
570 568 125.0
570 569 375.0
572 28 125.0
572 160 -125.0
572 415 -125.0
572 571 125.0
573 28 250.0
573 160 -250.0
573 415 -250.0
573 571 125.0
573 572 375.0
574 89 125.0
574 328 -375.0
574 415 125.0
576 89 -125.0
576 328 125.0
576 415 -125.0
576 574 -125.0
576 575 125.0
577 89 -250.0
577 328 250.0
577 415 -250.0
577 574 -250.0
577 575 125.0
577 576 375.0
578 89 -375.0
578 328 375.0
578 415 -375.0
578 574 -375.0
578 575 125.0
578 576 500.0
578 577 875.0
580 188 -125.0
580 303 125.0
580 469 -125.0
580 470 -125.0
580 579 125.0
581 188 -250.0
581 303 250.0
581 469 -250.0
581 470 -250.0
581 579 125.0
581 580 375.0
582 188 -375.0
582 303 375.0
582 469 -375.0
582 470 -375.0
582 579 125.0
582 580 500.0
582 581 875.0
583 27 125.0
583 121 -375.0
583 567 125.0
585 27 -125.0
585 121 125.0
585 567 -125.0
585 583 -125.0
585 584 125.0
586 27 -250.0
586 121 250.0
586 567 -250.0
586 583 -250.0
586 584 125.0
586 585 375.0
587 27 -375.0
587 121 375.0
587 567 -375.0
587 583 -375.0
587 584 125.0
587 585 500.0
587 586 875.0
589 270 -125.0
589 306 125.0
589 454 -125.0
589 588 125.0
590 270 -250.0
590 306 250.0
590 454 -250.0
590 588 125.0
590 589 375.0
591 38 -375.0
591 169 -375.0
593 38 125.0
593 591 -125.0
593 592 125.0
595 90 125.0
595 199 -125.0
595 454 -125.0
595 483 -125.0
595 594 125.0
596 90 250.0
596 199 -250.0
596 454 -250.0
596 483 -250.0
596 594 125.0
596 595 375.0
597 90 375.0
597 199 -375.0
597 454 -375.0
597 483 -375.0
597 594 125.0
597 595 500.0
597 596 875.0
599 71 125.0
599 104 -125.0
599 415 -125.0
599 416 -125.0
599 598 125.0
600 71 250.0
600 104 -250.0
600 415 -250.0
600 416 -250.0
600 598 125.0
600 599 375.0
601 71 375.0
601 104 -375.0
601 415 -375.0
601 416 -375.0
601 598 125.0
601 599 500.0
601 600 875.0
603 8 125.0
603 337 -125.0
603 602 125.0
604 82 -375.0
604 141 -375.0
604 430 250.0
606 141 125.0
606 430 -125.0
606 604 -125.0
606 605 125.0
607 141 250.0
607 430 -250.0
607 604 -250.0
607 605 125.0
607 606 375.0
608 189 -375.0
608 304 125.0
608 415 125.0
608 416 125.0
610 189 125.0
610 304 -125.0
610 415 -125.0
610 416 -125.0
610 608 -125.0
610 609 125.0
611 189 250.0
611 304 -250.0
611 415 -250.0
611 416 -250.0
611 608 -250.0
611 609 125.0
611 610 375.0
612 189 375.0
612 304 -375.0
612 415 -375.0
612 416 -375.0
612 608 -375.0
612 609 125.0
612 610 500.0
612 611 875.0
613 189 500.0
613 304 -500.0
613 415 -500.0
613 416 -500.0
613 608 -500.0
613 609 125.0
613 610 625.0
613 611 1125.0
613 612 1625.0
615 273 125.0
615 316 -125.0
615 448 -125.0
615 614 125.0
616 273 250.0
616 316 -250.0
616 448 -250.0
616 614 125.0
616 615 375.0
617 169 -375.0
617 304 125.0
617 332 -375.0
617 591 125.0
619 169 125.0
619 591 -125.0
619 617 -125.0
619 618 125.0
620 169 250.0
620 591 -250.0
620 617 -250.0
620 618 125.0
620 619 375.0
622 84 125.0
622 337 -125.0
622 621 125.0
623 35 125.0
623 213 -375.0
625 35 -125.0
625 213 125.0
625 623 -125.0
625 624 125.0
626 35 -250.0
626 213 250.0
626 623 -250.0
626 624 125.0
626 625 375.0
628 12 125.0
628 394 -125.0
628 627 125.0
629 132 125.0
629 198 -375.0
631 132 -125.0
631 198 125.0
631 629 -125.0
631 630 125.0
632 132 -250.0
632 198 250.0
632 629 -250.0
632 630 125.0
632 631 375.0
634 124 125.0
634 371 -125.0
634 440 -125.0
634 543 -125.0
634 633 125.0
635 124 250.0
635 371 -250.0
635 440 -250.0
635 543 -250.0
635 633 125.0
635 634 375.0
636 124 375.0
636 371 -375.0
636 440 -375.0
636 543 -375.0
636 633 125.0
636 634 500.0
636 635 875.0
638 82 125.0
638 430 -125.0
638 604 -125.0
638 637 125.0
639 82 250.0
639 430 -250.0
639 604 -250.0
639 637 125.0
639 638 375.0
641 29 125.0
641 327 -125.0
641 458 -125.0
641 640 125.0
642 29 250.0
642 327 -250.0
642 458 -250.0
642 640 125.0
642 641 375.0
643 47 125.0
643 179 -375.0
643 304 125.0
643 332 -375.0
643 429 125.0
643 617 125.0
645 47 -125.0
645 179 125.0
645 429 -125.0
645 643 -125.0
645 644 125.0
646 47 -250.0
646 179 250.0
646 429 -250.0
646 643 -250.0
646 644 125.0
646 645 375.0
647 47 -375.0
647 179 375.0
647 429 -375.0
647 643 -375.0
647 644 125.0
647 645 500.0
647 646 875.0
649 304 -125.0
649 332 125.0
649 617 -125.0
649 643 -125.0
649 648 125.0
650 304 -250.0
650 332 250.0
650 617 -250.0
650 643 -250.0
650 648 125.0
650 649 375.0
651 304 -375.0
651 332 375.0
651 617 -375.0
651 643 -375.0
651 648 125.0
651 649 500.0
651 650 875.0
653 243 125.0
653 462 -125.0
653 652 125.0
655 0 125.0
655 199 -125.0
655 340 -125.0
655 654 125.0
656 0 250.0
656 199 -250.0
656 340 -250.0
656 654 125.0
656 655 375.0
657 15 -375.0
659 15 125.0
659 657 -125.0
659 658 125.0
660 6 -375.0
660 147 -375.0
661 147 -375.0
661 660 125.0
663 147 125.0
663 660 -125.0
663 661 -125.0
663 662 125.0
664 147 250.0
664 660 -250.0
664 661 -250.0
664 662 125.0
664 663 375.0
665 37 -375.0
665 241 125.0
667 37 125.0
667 241 -125.0
667 665 -125.0
667 666 125.0
668 37 250.0
668 241 -250.0
668 665 -250.0
668 666 125.0
668 667 375.0
670 36 125.0
670 408 -125.0
670 669 125.0
672 83 -125.0
672 173 125.0
672 405 -125.0
672 671 125.0
673 83 -250.0
673 173 250.0
673 405 -250.0
673 671 125.0
673 672 375.0
674 16 -375.0
674 224 125.0
676 16 125.0
676 224 -125.0
676 674 -125.0
676 675 125.0
677 16 250.0
677 224 -250.0
677 674 -250.0
677 675 125.0
677 676 375.0
678 113 125.0
678 123 -375.0
680 113 -125.0
680 123 125.0
680 678 -125.0
680 679 125.0
681 113 -250.0
681 123 250.0
681 678 -250.0
681 679 125.0
681 680 375.0
683 6 125.0
683 660 -125.0
683 682 125.0
685 14 125.0
685 394 -125.0
685 684 125.0
0 686 -500.0
1 686 250.5
2 686 -875.0
3 686 125.0
4 686 125.0
5 686 125.0
6 686 -1250.0
7 686 500.5
8 686 -500.0
9 686 125.0
10 686 125.0
11 686 125.0
12 686 -1250.0
13 686 1475.0
14 686 -1250.0
15 686 -1875.0
16 686 -1125.0
17 686 375.0
18 686 1000.0
19 686 1625.0
20 686 2250.0
21 686 2875.0
22 686 -375.0
23 686 125.5
25 686 -125.0
26 686 -2125.0
27 686 500.5
28 686 -750.0
29 686 -750.0
30 686 250.0
31 686 500.0
32 686 750.0
33 686 1000.0
34 686 -1625.0
35 686 2375.5
36 686 -2000.0
37 686 -1625.0
38 686 -1750.0
39 686 -1625.0
40 686 500.0
41 686 1625.0
42 686 2750.0
43 686 3875.0
44 686 5000.0
45 686 6125.0
46 686 -500.0
47 686 0.5
48 686 -500.0
49 686 125.0
50 686 125.0
51 686 125.0
52 686 -375.0
53 686 125.5
55 686 -125.0
56 686 -1000.0
57 686 1000.5
58 686 -750.0
59 686 -750.0
60 686 250.0
61 686 500.0
62 686 750.0
63 686 1000.0
64 686 -124.5
66 686 -125.0
67 686 -375.0
68 686 125.5
70 686 -125.0
71 686 -750.0
72 686 1000.5
73 686 -750.0
74 686 -1250.0
75 686 250.0
76 686 500.0
77 686 750.0
78 686 1000.0
79 686 125.5
81 686 -125.0
82 686 -1000.0
83 686 500.5
84 686 -625.0
85 686 125.0
86 686 125.0
87 686 125.0
88 686 -750.0
89 686 750.5
90 686 -750.0
91 686 250.0
92 686 500.0
93 686 750.0
94 686 1000.0
95 686 -750.0
96 686 750.5
97 686 -875.0
98 686 -750.0
99 686 250.0
100 686 500.0
101 686 750.0
102 686 1000.0
103 686 -375.0
104 686 -124.5
106 686 -125.0
107 686 500.5
108 686 -500.0
109 686 125.0
110 686 125.0
111 686 125.0
112 686 -875.0
113 686 1000.5
114 686 -750.0
115 686 -750.0
116 686 250.0
117 686 500.0
118 686 750.0
119 686 1000.0
120 686 2375.5
121 686 -1625.0
122 686 -1625.0
123 686 -1625.0
124 686 -2125.0
125 686 500.0
126 686 1625.0
127 686 2750.0
128 686 3875.0
129 686 5000.0
130 686 6125.0
131 686 -750.0
132 686 125.5
134 686 -125.0
135 686 -500.0
136 686 500.5
137 686 -875.0
138 686 125.0
139 686 125.0
140 686 125.0
141 686 -1000.0
142 686 250.5
143 686 -500.0
144 686 125.0
145 686 125.0
146 686 125.0
147 686 -875.0
148 686 1000.5
149 686 -875.0
150 686 -750.0
151 686 250.0
152 686 500.0
153 686 750.0
154 686 1000.0
155 686 -500.0
156 686 -124.5
158 686 -125.0
159 686 -1125.0
160 686 1475.0
161 686 -1125.0
162 686 -1625.0
163 686 -1125.0
164 686 375.0
165 686 1000.0
166 686 1625.0
167 686 2250.0
168 686 2875.0
169 686 -875.0
170 686 -124.5
172 686 -125.0
173 686 -750.0
174 686 1000.5
175 686 250.0
176 686 500.0
177 686 750.0
178 686 1000.0
179 686 -750.0
180 686 1000.5
181 686 -1125.0
182 686 -1125.0
183 686 250.0
184 686 500.0
185 686 750.0
186 686 1000.0
187 686 -750.0
188 686 250.5
189 686 -375.0
190 686 125.0
191 686 125.0
192 686 125.0
193 686 500.5
194 686 -500.0
195 686 125.0
196 686 125.0
197 686 125.0
198 686 -500.0
199 686 250.5
200 686 125.0
201 686 125.0
202 686 125.0
203 686 -750.0
204 686 1000.5
205 686 250.0
206 686 500.0
207 686 750.0
208 686 1000.0
209 686 -1125.0
210 686 1375.5
211 686 -1875.0
212 686 -1125.0
213 686 -1125.0
214 686 375.0
215 686 1000.0
216 686 1625.0
217 686 2250.0
218 686 2875.0
219 686 1000.5
220 686 250.0
221 686 500.0
222 686 750.0
223 686 1000.0
224 686 1625.5
225 686 -1125.0
226 686 -1125.0
227 686 375.0
228 686 1000.0
229 686 1625.0
230 686 2250.0
231 686 2875.0
232 686 -1000.0
233 686 250.5
234 686 125.0
235 686 125.0
236 686 125.0
237 686 -124.5
239 686 -125.0
240 686 -750.0
241 686 1000.5
242 686 -750.0
243 686 -625.0
244 686 250.0
245 686 500.0
246 686 750.0
247 686 1000.0
248 686 -500.0
249 686 125.5
251 686 -125.0
252 686 -750.0
253 686 1000.5
254 686 -750.0
255 686 250.0
256 686 500.0
257 686 750.0
258 686 1000.0
259 686 500.5
260 686 -500.0
261 686 125.0
262 686 125.0
263 686 125.0
264 686 500.5
265 686 -500.0
266 686 125.0
267 686 125.0
268 686 125.0
269 686 -500.0
270 686 125.5
272 686 -125.0
273 686 -1125.0
274 686 1625.5
275 686 -1500.0
276 686 -1125.0
277 686 375.0
278 686 1000.0
279 686 1625.0
280 686 2250.0
281 686 2875.0
282 686 -750.0
283 686 750.5
284 686 -750.0
285 686 250.0
286 686 500.0
287 686 750.0
288 686 1000.0
289 686 -250.0
290 686 125.5
292 686 -125.0
293 686 -750.0
294 686 1000.5
295 686 250.0
296 686 500.0
297 686 750.0
298 686 1000.0
299 686 500.5
300 686 125.0
301 686 125.0
302 686 125.0
303 686 -750.0
304 686 125.5
305 686 -750.0
306 686 -750.0
307 686 250.0
308 686 500.0
309 686 750.0
310 686 1000.0
311 686 -500.0
312 686 500.5
313 686 125.0
314 686 125.0
315 686 125.0
316 686 500.5
317 686 -500.0
318 686 125.0
319 686 125.0
320 686 125.0
321 686 1000.5
322 686 -750.0
323 686 250.0
324 686 500.0
325 686 750.0
326 686 1000.0
327 686 250.5
328 686 -500.0
329 686 125.0
330 686 125.0
331 686 125.0
332 686 -500.0
333 686 500.5
334 686 125.0
335 686 125.0
336 686 125.0
337 686 1375.0
339 686 125.0
341 686 125.0
342 686 375.0
343 686 625.0
345 686 125.0
346 686 375.0
347 686 625.0
349 686 125.0
351 686 125.0
352 686 375.0
353 686 625.0
355 686 125.0
356 686 375.0
357 686 625.0
358 686 125.0
359 686 375.0
360 686 625.0
362 686 125.0
364 686 125.0
365 686 375.0
366 686 625.0
368 686 125.0
369 686 375.0
370 686 625.0
371 686 -125.0
373 686 125.0
375 686 125.0
376 686 375.0
377 686 625.0
379 686 125.0
380 686 375.0
381 686 625.0
382 686 -500.0
383 686 -500.0
384 686 250.0
385 686 750.0
386 686 1250.0
387 686 1750.0
388 686 125.0
389 686 375.0
390 686 625.0
391 686 125.0
392 686 375.0
393 686 625.0
394 686 500.0
396 686 125.0
397 686 375.0
398 686 625.0
400 686 125.0
401 686 375.0
402 686 625.0
404 686 125.0
405 686 125.0
407 686 125.0
408 686 250.0
410 686 125.0
412 686 125.0
413 686 375.0
414 686 625.0
415 686 -2375.0
416 686 -1875.0
417 686 250.0
418 686 750.0
419 686 1250.0
420 686 1750.0
422 686 125.0
423 686 375.0
424 686 625.0
425 686 250.0
426 686 750.0
427 686 1250.0
428 686 1750.0
429 686 -500.0
430 686 -250.0
431 686 -250.0
432 686 250.0
433 686 750.0
434 686 1250.0
435 686 1750.0
437 686 125.0
438 686 375.0
439 686 625.0
440 686 -250.0
441 686 125.0
442 686 375.0
443 686 625.0
444 686 250.0
445 686 750.0
446 686 1250.0
447 686 1750.0
449 686 125.0
450 686 375.0
451 686 625.0
453 686 125.0
454 686 -500.0
455 686 125.0
456 686 375.0
457 686 625.0
459 686 125.0
460 686 375.0
461 686 625.0
462 686 125.0
463 686 125.0
464 686 375.0
465 686 625.0
466 686 -125.0
468 686 125.0
469 686 -500.0
470 686 -500.0
471 686 250.0
472 686 750.0
473 686 1250.0
474 686 1750.0
476 686 125.0
478 686 125.0
479 686 125.0
480 686 375.0
481 686 625.0
482 686 -250.0
483 686 -500.0
484 686 250.0
485 686 750.0
486 686 1250.0
487 686 1750.0
489 686 125.0
490 686 -250.0
491 686 250.0
492 686 750.0
493 686 1250.0
494 686 1750.0
495 686 -500.0
496 686 -500.0
497 686 250.0
498 686 750.0
499 686 1250.0
500 686 1750.0
501 686 -250.0
502 686 250.0
503 686 750.0
504 686 1250.0
505 686 1750.0
506 686 125.0
507 686 375.0
508 686 625.0
509 686 125.0
510 686 375.0
511 686 625.0
512 686 125.0
513 686 375.0
514 686 625.0
516 686 125.0
517 686 125.0
518 686 375.0
519 686 625.0
521 686 125.0
522 686 125.0
523 686 375.0
524 686 625.0
525 686 250.0
526 686 750.0
527 686 1250.0
528 686 1750.0
529 686 125.0
530 686 375.0
531 686 625.0
532 686 125.0
533 686 375.0
534 686 625.0
535 686 125.0
536 686 375.0
537 686 625.0
538 686 -250.0
539 686 250.0
540 686 750.0
541 686 1250.0
542 686 1750.0
543 686 -250.0
544 686 125.0
545 686 375.0
546 686 625.0
547 686 125.0
548 686 375.0
549 686 625.0
550 686 125.0
551 686 375.0
552 686 625.0
553 686 250.0
554 686 750.0
555 686 1250.0
556 686 1750.0
557 686 250.0
558 686 750.0
559 686 1250.0
560 686 1750.0
562 686 125.0
564 686 125.0
565 686 375.0
566 686 625.0
567 686 -250.0
568 686 125.0
569 686 375.0
570 686 625.0
571 686 125.0
572 686 375.0
573 686 625.0
574 686 -250.0
575 686 250.0
576 686 750.0
577 686 1250.0
578 686 1750.0
579 686 250.0
580 686 750.0
581 686 1250.0
582 686 1750.0
583 686 -250.0
584 686 250.0
585 686 750.0
586 686 1250.0
587 686 1750.0
588 686 125.0
589 686 375.0
590 686 625.0
591 686 125.0
593 686 125.0
594 686 250.0
595 686 750.0
596 686 1250.0
597 686 1750.0
598 686 250.0
599 686 750.0
600 686 1250.0
601 686 1750.0
603 686 125.0
605 686 125.0
606 686 375.0
607 686 625.0
608 686 -625.0
609 686 375.0
610 686 1250.0
611 686 2125.0
612 686 3000.0
613 686 3875.0
614 686 125.0
615 686 375.0
616 686 625.0
617 686 -250.0
618 686 125.0
619 686 375.0
620 686 625.0
622 686 125.0
624 686 125.0
625 686 375.0
626 686 625.0
628 686 125.0
630 686 125.0
631 686 375.0
632 686 625.0
633 686 250.0
634 686 750.0
635 686 1250.0
636 686 1750.0
637 686 125.0
638 686 375.0
639 686 625.0
640 686 125.0
641 686 375.0
642 686 625.0
643 686 -500.0
644 686 250.0
645 686 750.0
646 686 1250.0
647 686 1750.0
648 686 250.0
649 686 750.0
650 686 1250.0
651 686 1750.0
653 686 125.0
654 686 125.0
655 686 375.0
656 686 625.0
657 686 125.0
659 686 125.0
660 686 125.0
662 686 125.0
663 686 375.0
664 686 625.0
666 686 125.0
667 686 375.0
668 686 625.0
670 686 125.0
671 686 125.0
672 686 375.0
673 686 625.0
675 686 125.0
676 686 375.0
677 686 625.0
679 686 125.0
680 686 375.0
681 686 625.0
683 686 125.0
685 686 125.0
