665 829 
0 0 0 1 0 0 0 0 0 0 0 0 0 1 0 0 0 0 0 0 0 0 0 1 0 0 0 1 0 0 0 0 0 0 0 0 0 0 0 0 0 0 0 0 0 0 0 0 0 1 0 0 0 1 0 0 0 0 0 0 0 1 0 0 0 0 1 0 0 0 0 0 0 0 0 0 0 0 0 0 0 0 0 0 0 0 0 0 0 0 0 1 0 0 1 0 0 0 0 0 0 0 0 1 0 0 1 0 0 0 0 0 0 0 0 0 1 0 0 0 1 0 0 0 1 0 0 1 0 0 0 1 0 0 0 0 1 0 0 0 0 0 0 0 0 0 0 0 0 0 0 0 0 1 0 0 0 1 0 0 0 0 0 0 1 0 0 0 0 1 0 0 0 1 0 0 1 0 0 0 0 1 0 0 0 1 0 0 1 0 0 0 1 0 1 0 0 0 0 1 0 0 0 0 0 0 0 0 0 0 0 0 0 0 0 0 1 0 1 1 1 0 0 0 1 0 0 0 1 0 0 0 0 1 0 0 0 1 0 0 0 1 0 0 0 0 0 0 0 0 0 1 0 0 0 1 0 0 0 0 0 0 0 0 1 0 0 0 1 0 0 0 0 0 0 0 0 1 0 0 0 0 0 0 0 0 1 0 0 0 0 0 0 0 1 0 0 0 1 0 0 0 1 0 0 0 1 0 0 0 1 0 0 0 1 0 0 1 0 0 0 1 0 0 0 1 0 0 0 0 0 0 0 0 0 1 0 0 0 1 0 0 0 1 0 0 1 0 0 0 1 0 0 0 0 1 0 0 0 1 0 0 0 1 0 0 0 1 0 0 0 0 0 0 0 1 0 0 0 1 0 0 0 1 0 0 0 1 0 0 0 1 0 0 0 1 0 0 0 1 0 0 0 0 0 0 0 1 0 0 0 1 0 0 1 0 0 0 0 1 0 0 0 1 0 0 0 0 0 0 0 0 0 0 0 0 1 0 0 1 0 0 0 0 0 0 0 0 0 0 0 0 0 0 0 0 0 0 0 0 0 0 0 0 0 0 0 0 0 0 0 0 0 0 0 0 0 0 0 0 0 0 0 0 1 0 1 0 0 0 0 0 0 0 0 0 0 0 0 0 0 0 0 0 0 0 0 0 0 0 1 0 1 0 0 0 0 0 0 0 0 0 0 1 0 0 0 0 0 0 0 0 0 0 0 0 0 0 0 0 1 0 0 0 0 0 0 0 0 0 0 0 0 0 0 0 0 0 0 0 0 0 0 1 0 0 0 0 0 0 0 0 0 0 0 0 0 0 0 0 0 0 0 0 1 0 0 0 0 0 0 0 0 0 0 0 0 0 0 1 0 0 1 0 0 0 0 0 0 1 0 0 0 0 0 0 0 0 0 0 0 0 0 0 0 0 0 0 0 0 0 0 0 0 0 0 0 0 0 0 0 0 0 0 0 0 0 0 0 0 0 0 0 0 0 0 0 0 0 0 0 0 0 0 0 0 0 0 0 0 0 1 0 0 1 0 0 1 0 0 0 0 0 0 1 0 0 0 0 0 0 0 0 0 0 0 0 0 0 0 0 0 0 0 0 0 0 0 0 0 0 0 0 0 0 0 0 0 0 0 0 0 0 0 0 0 1 0 0 0 0 0 0 0 0 0 0 0 0 0 0 0 0 0 1 1 0 0 0 0 0 0 0 0 0 0 0 0 0 0 0 0 0 0 0 0 0 0 1 0 0 0 0 0 0 1 0 0 0 0 0 0 0 0 0 0 0 0 0 0 0 0 0 0 0 0 0 0 0 0 0 0 0 0 0 0 0 0 0 0 0 0 0 0 0 0 0 0 0 0 0 0 0 1 0 0 0 0 0 
1 0 
1 1 
1 827 
1 709 
1 4 
1 5 
1 826 
1 7 
1 8 
1 9 
1 10 
1 11 
1 825 
2 193 6 
1 14 
1 15 
1 824 
1 17 
1 18 
1 19 
1 20 
1 21 
2 609 608 
2 60 16 
2 199 198 
1 25 
1 812 
2 538 24 
1 28 
1 29 
1 820 
1 31 
1 32 
1 33 
1 34 
1 35 
1 36 
1 37 
1 38 
1 39 
1 819 
1 41 
1 42 
1 43 
1 44 
1 45 
1 46 
1 47 
1 818 
2 597 40 
1 50 
1 51 
1 817 
2 49 48 
1 54 
1 55 
1 816 
1 57 
1 58 
1 59 
2 13 12 
1 815 
2 434 56 
1 63 
1 64 
1 814 
1 708 
1 67 
1 68 
1 69 
1 813 
1 71 
1 72 
1 73 
1 74 
1 75 
1 76 
1 811 
1 78 
1 79 
1 80 
1 81 
1 82 
1 83 
1 84 
1 85 
1 86 
1 87 
1 88 
1 89 
1 810 
2 582 77 
1 809 
2 91 90 
1 808 
2 93 92 
1 96 
1 97 
1 98 
1 99 
1 100 
1 807 
1 703 
1 806 
2 102 101 
2 66 65 
1 805 
2 682 139 
1 108 
1 804 
1 110 
1 111 
1 112 
1 113 
1 114 
1 803 
2 561 109 
1 117 
1 118 
1 802 
2 116 115 
1 121 
1 122 
1 801 
2 120 119 
1 800 
2 124 123 
1 799 
2 126 125 
1 798 
1 707 
1 797 
2 130 129 
1 133 
1 134 
1 796 
1 704 
1 795 
1 138 
1 794 
1 140 
1 141 
1 142 
1 143 
1 144 
1 793 
1 146 
1 147 
1 148 
1 149 
1 150 
1 151 
1 792 
2 675 145 
1 154 
1 155 
1 791 
2 153 152 
1 158 
1 159 
1 160 
1 161 
1 790 
2 157 156 
1 789 
2 163 162 
1 166 
1 167 
1 788 
1 678 
1 170 
1 171 
1 787 
2 169 168 
1 786 
2 173 172 
1 785 
2 175 174 
1 178 
1 179 
1 784 
1 679 
1 182 
1 183 
1 783 
2 181 180 
1 186 
1 782 
2 185 184 
1 189 
1 190 
1 781 
2 188 187 
2 3 2 
1 780 
2 192 191 
1 196 
1 197 
1 779 
1 680 
1 200 
1 201 
1 202 
1 203 
1 778 
1 205 
1 206 
1 207 
1 208 
1 209 
1 210 
1 211 
1 212 
1 213 
1 777 
2 672 204 
1 776 
2 215 214 
2 255 254 
1 664 
1 773 
1 681 
1 772 
1 668 
1 771 
2 775 774 
1 770 
2 726 727 
1 667 
2 227 226 
1 230 
1 231 
3 742 222 223 
2 600 137 
1 234 
1 235 
1 767 
2 233 232 
1 238 
1 239 
1 766 
2 237 236 
1 242 
1 243 
1 765 
1 245 
1 246 
1 247 
1 248 
1 249 
1 764 
2 276 244 
1 252 
1 253 
1 763 
2 251 250 
1 762 
1 257 
1 258 
1 259 
1 260 
1 261 
1 761 
2 669 256 
1 760 
2 263 262 
1 759 
1 706 
1 758 
2 267 266 
1 270 
1 271 
1 272 
1 273 
1 274 
1 275 
2 241 240 
1 757 
1 705 
1 279 
1 280 
1 281 
1 282 
1 283 
1 284 
1 756 
1 685 
1 287 
1 288 
1 289 
1 290 
1 291 
1 292 
1 755 
2 286 285 
1 295 
1 296 
1 754 
2 294 293 
1 299 
1 300 
1 753 
2 298 297 
1 303 
1 304 
1 752 
2 302 301 
1 307 
1 308 
1 751 
2 306 305 
1 311 
1 312 
1 750 
2 310 309 
1 749 
2 314 313 
1 748 
2 316 315 
1 319 
1 747 
1 686 
1 322 
1 323 
1 666 
2 321 320 
1 326 
1 327 
1 328 
1 329 
1 330 
1 331 
1 332 
1 333 
2 768 769 
2 325 324 
1 336 
1 337 
1 687 
2 335 334 
1 340 
1 341 
1 688 
2 339 338 
1 689 
2 343 342 
1 741 
2 345 344 
1 740 
1 690 
1 739 
2 349 348 
1 352 
1 353 
1 738 
1 691 
1 356 
1 357 
1 737 
2 355 354 
1 360 
1 361 
1 736 
2 359 358 
1 364 
1 365 
1 735 
2 363 362 
1 368 
1 369 
1 370 
1 371 
1 372 
1 373 
1 734 
2 367 366 
1 376 
1 377 
1 733 
2 375 374 
1 380 
1 381 
1 732 
2 379 378 
1 384 
1 385 
1 731 
2 383 382 
1 388 
1 389 
1 730 
2 387 386 
1 392 
1 393 
1 729 
2 391 390 
1 396 
1 397 
1 728 
2 395 394 
1 400 
1 401 
1 402 
1 403 
1 404 
1 405 
1 665 
2 399 398 
1 408 
1 409 
2 745 746 
2 407 406 
1 725 
2 411 410 
1 724 
2 413 412 
1 416 
1 417 
1 723 
1 692 
1 420 
1 421 
1 722 
2 419 418 
1 424 
1 425 
1 426 
1 427 
1 428 
1 429 
1 430 
1 431 
1 432 
1 433 
2 53 52 
1 721 
2 423 422 
1 437 
1 720 
1 693 
1 440 
1 441 
1 442 
1 443 
1 444 
1 445 
1 446 
1 447 
1 448 
1 449 
1 450 
1 451 
1 452 
1 453 
1 454 
1 455 
1 456 
1 457 
1 458 
1 459 
1 460 
1 461 
1 462 
1 463 
1 464 
1 465 
1 466 
1 467 
1 468 
1 469 
1 470 
1 471 
1 472 
1 473 
1 474 
1 475 
1 476 
1 477 
1 478 
1 479 
1 480 
1 481 
1 482 
1 719 
2 439 438 
1 718 
2 484 483 
1 487 
1 488 
1 489 
1 490 
1 491 
1 492 
1 493 
1 494 
1 495 
1 496 
1 497 
1 498 
1 499 
1 500 
1 501 
1 502 
1 503 
1 504 
1 505 
1 506 
1 507 
1 508 
1 509 
1 694 
1 717 
2 486 485 
1 513 
1 514 
1 515 
1 516 
1 517 
1 518 
1 519 
1 520 
2 27 26 
1 716 
1 695 
1 524 
1 525 
1 526 
1 527 
1 528 
1 529 
1 530 
1 531 
1 532 
1 533 
1 534 
1 535 
1 536 
1 537 
2 23 22 
1 715 
1 696 
1 541 
1 542 
1 543 
1 544 
1 545 
1 546 
1 547 
1 548 
1 549 
1 550 
1 551 
1 552 
1 553 
1 554 
1 555 
1 556 
1 557 
1 558 
1 559 
1 560 
1 697 
1 714 
1 698 
1 564 
1 565 
1 566 
1 567 
1 568 
1 569 
1 570 
1 571 
1 572 
1 573 
1 574 
1 575 
1 576 
1 577 
1 578 
1 579 
1 580 
1 581 
3 105 70 821 
1 713 
1 699 
1 585 
1 586 
1 587 
1 588 
1 589 
1 590 
1 591 
1 592 
1 593 
1 594 
1 595 
1 596 
2 521 30 
1 712 
1 700 
2 136 135 
1 711 
1 701 
1 603 
1 604 
1 605 
1 606 
1 607 
1 710 
1 702 
1 610 
1 611 
1 612 
1 613 
1 614 
1 615 
1 616 
1 617 
1 618 
1 619 
1 620 
1 621 
1 622 
1 623 
1 624 
1 625 
1 626 
1 627 
1 628 
1 629 
1 630 
1 631 
1 632 
1 633 
1 634 
1 635 
1 636 
1 637 
1 638 
1 639 
1 640 
1 641 
1 642 
1 643 
1 644 
1 645 
1 646 
1 647 
1 648 
1 649 
1 650 
1 651 
1 652 
1 653 
1 654 
1 655 
1 656 
1 657 
1 658 
1 659 
1 660 
1 661 
1 662 
1 663 
72 225 224 684 683 677 676 674 673 671 670 602 601 599 598 584 583 563 562 540 539 107 106 523 522 512 511 217 216 436 435 415 414 351 350 347 346 221 220 743 744 318 317 278 277 269 268 265 264 229 228 510 219 218 195 194 177 176 165 164 132 131 128 127 104 103 95 94 62 61 822 823 828 

