665 2302
0 1 375
0 193 -125
0 284 375
0 603 375
0 605 -125
0 606 -250
0 664 375
1 193 125
1 242 375
1 440 -125
1 442 125
1 443 250
1 664 -125.5
2 10 -250
2 353 250
2 16 250
2 12 -125
2 6 -375
2 664 -625
3 608 -125
3 601 -125
3 664 -125
4 5 375
4 13 -125
4 8 125
4 9 250
4 607 375
4 225 125
4 664 375
5 13 375
5 8 -125
5 9 -250
5 664 -500.5
6 10 -125
6 353 125
6 16 125
6 12 -125
6 664 -375
7 8 -125
7 9 -125
7 664 -125
8 13 125
8 9 -375
8 664 -125
9 13 250
9 664 -125
10 11 375
10 60 -125
10 353 375
10 16 375
10 664 375
11 60 125
11 238 375
11 624 -125
11 626 125
11 627 250
11 664 -125.5
12 664 -125
13 410 -125
13 637 375
13 664 374.5
14 15 375
14 22 125
14 18 125
14 19 250
14 607 375
14 23 -125
14 664 375
15 23 375
15 18 -125
15 19 -250
15 283 375
15 549 -125
15 551 125
15 552 250
15 664 -500.5
16 353 -125
17 18 -125
17 19 -125
17 664 -125
18 23 125
18 19 -375
18 664 -125
19 23 250
19 664 -125
20 21 375
20 325 -125
20 96 -125
20 97 375
20 99 125
20 100 250
20 209 375
20 210 -125
20 212 125
20 213 250
20 319 375
20 538 -125
20 424 375
20 227 -125
20 664 875
21 217 375
21 538 125
21 299 375
21 522 -125
21 485 125
21 483 250
21 398 -125
21 394 -125
21 386 125
21 382 250
21 378 375
21 664 275
22 607 -125
22 664 125
23 640 -250
23 639 -125
23 636 375
23 637 375
23 664 650
24 196 -125
24 197 125
24 664 -125
25 521 125
25 27 375
25 258 375
25 264 -125
25 256 125
25 254 250
25 664 -125.5
26 47 250
26 248 -250
26 92 250
26 90 -125
26 77 -375
26 664 -625
27 153 -125
27 160 125
27 161 250
27 521 -125
27 158 375
27 664 375
28 29 375
28 107 -125
28 32 125
28 33 250
28 597 -125
28 138 375
28 233 -125
28 141 125
28 142 250
28 143 375
28 464 375
28 465 375
28 467 -125
28 468 -250
28 664 1000
29 597 375
29 32 -125
29 33 -250
29 664 -500.5
30 231 250
30 311 -250
30 52 250
30 48 -125
30 40 -375
30 664 -625
31 32 -125
31 33 -125
31 664 -125
32 597 125
32 33 -375
32 664 -125
33 597 250
33 664 -125
34 35 375
34 36 -125
34 38 125
34 39 250
34 197 375
34 610 375
34 612 -125
34 613 -250
34 664 500
35 36 375
35 38 -125
35 39 -250
35 291 375
35 561 -125
35 584 125
35 599 250
35 664 -500.5
36 38 125
36 39 250
36 437 375
36 484 125
36 664 375
37 38 -125
37 39 -125
37 664 -125
38 39 -375
38 664 -125
39 664 -125
40 231 125
40 311 -125
40 52 125
40 48 -125
40 664 -375
41 49 375
41 42 375
41 44 -125
41 45 -250
41 664 -500.5
42 116 -125
42 44 125
42 45 250
42 75 -125
42 76 375
42 49 -125
42 79 125
42 80 250
42 81 375
42 91 -125
42 400 375
42 402 125
42 403 250
42 482 375
42 334 -125
42 664 1125
43 44 -125
43 45 -125
43 664 -125
44 49 125
44 45 -375
44 664 -125
45 49 250
45 664 -125
46 47 375
46 53 -125
46 51 375
46 545 375
46 547 -125
46 548 -250
46 664 375
47 269 375
47 154 375
47 248 375
47 53 125
47 427 -125
47 501 -125
47 503 125
47 504 250
47 505 375
47 438 -125
47 435 -125
47 418 125
47 414 250
47 412 375
47 92 -125
47 77 125
47 664 374.5
48 664 -125
49 290 250
49 289 125
49 75 -125
49 287 375
49 664 500
50 51 375
50 434 -125
50 114 375
50 632 375
50 634 -125
50 635 -250
50 664 375
51 434 125
51 178 375
51 545 -125
51 547 125
51 548 250
51 564 -125
51 566 125
51 567 250
51 664 -125.5
52 231 -125
52 311 375
53 664 -125
54 153 -125
54 55 375
54 597 -125
54 58 125
54 59 250
54 144 375
54 62 -125
54 147 125
54 148 250
54 149 375
54 320 375
54 317 375
54 313 -125
54 309 -250
54 664 1000
55 62 375
55 58 -125
55 59 -250
55 664 -500.5
56 122 250
56 396 -250
56 70 250
56 65 -125
56 61 -375
56 664 -625
57 58 -125
57 59 -125
57 664 -125
58 62 125
58 59 -375
58 664 -125
59 62 250
59 664 -125
60 664 -125
61 122 125
61 396 -125
61 70 125
61 65 -125
61 664 -375
62 192 -125
62 186 375
62 664 375
63 64 375
63 105 -125
63 118 375
63 460 375
63 462 -125
63 463 -250
63 664 375
64 105 125
64 307 375
64 420 375
64 444 -125
64 446 125
64 447 250
64 517 -125
64 519 125
64 520 250
64 664 -125.5
65 664 -125
66 272 375
66 308 -125
66 608 125
66 601 250
67 68 375
67 69 -125
67 582 -125
67 72 125
67 73 250
67 74 375
67 186 375
67 628 375
67 630 -125
67 631 -250
67 664 750
68 69 375
68 347 375
68 72 -125
68 73 -250
68 74 -375
68 582 375
68 286 -125
68 338 125
68 342 250
68 664 -1000.5
69 582 -125
69 72 125
69 73 250
69 74 375
69 257 375
69 572 375
69 573 375
69 575 -125
69 576 -250
69 577 -375
69 664 750
70 122 -125
70 396 375
71 72 -125
71 73 -125
71 74 -125
71 664 -250
72 582 125
72 73 -375
72 74 -500
72 664 -500
73 582 250
73 74 -875
73 664 -750
74 582 375
74 664 -1000
75 486 125
75 76 375
75 79 125
75 80 250
75 81 375
75 91 -125
75 205 375
75 207 125
75 208 250
75 287 375
75 289 125
75 290 250
75 482 375
75 215 -125
75 664 1125
76 91 375
76 79 -125
76 80 -250
76 81 -375
76 664 -1000.5
77 248 -125
77 92 125
77 90 -125
77 664 -375
78 79 -125
78 80 -125
78 81 -125
78 664 -250
79 91 125
79 80 -375
79 81 -500
79 664 -500
80 91 250
80 81 -875
80 664 -750
81 91 375
81 664 -1000
82 83 375
82 84 -125
82 86 125
82 87 250
82 381 375
82 448 375
82 450 -125
82 451 -250
82 664 500
83 84 375
83 86 -125
83 87 -250
83 295 375
83 534 -125
83 536 125
83 537 250
83 664 -500.5
84 86 125
84 87 250
84 232 375
84 553 375
84 555 -125
84 556 -250
84 664 500
85 86 -125
85 87 -125
85 664 -125
86 87 -375
86 664 -125
87 664 -125
88 89 375
88 93 -125
88 239 375
88 528 375
88 529 375
88 531 -125
88 532 -250
88 533 -375
88 664 375
89 93 125
89 189 375
89 169 -125
89 199 125
89 221 250
89 664 -125.5
90 664 -125
91 116 -125
91 111 125
91 108 375
91 112 250
91 664 750
92 248 375
93 664 -125
94 96 -250
94 365 250
94 106 250
94 103 -125
94 101 -375
94 664 -625
95 481 -250
95 480 -125
95 296 375
95 478 375
95 664 249.5
96 97 375
96 99 125
96 100 250
96 365 375
96 106 375
96 101 -125
96 664 500
97 99 -125
97 100 -250
97 664 -500.5
98 99 -125
98 100 -125
98 664 -125
99 100 -375
99 664 -125
100 664 -125
101 365 125
101 106 125
101 103 -125
101 664 -375
102 150 -125
102 209 125
102 602 125
102 609 -125
102 136 -375
102 664 -375
103 664 -125
104 477 -250
104 476 -125
104 341 375
104 474 375
104 664 400
105 664 -125
106 365 -125
107 215 -125
107 282 250
107 138 375
107 141 125
107 142 250
107 143 375
107 200 375
107 202 125
107 203 250
107 233 -250
107 279 375
107 281 125
107 664 1000
108 116 375
108 111 -125
108 112 -250
108 664 -500.5
109 230 -250
109 377 250
109 123 250
109 119 -125
109 115 -375
109 664 -625
110 111 -125
110 112 -125
110 664 -125
111 116 125
111 112 -375
111 664 -125
112 116 250
112 664 -125
113 114 375
113 120 -125
113 190 375
113 506 375
113 508 -125
113 509 -250
113 664 375
114 120 125
114 632 -125
114 634 125
114 635 250
114 664 -125.5
115 230 -125
115 377 125
115 123 125
115 119 -125
115 664 -375
116 403 250
116 400 375
116 402 125
116 664 500
117 118 375
117 124 -125
117 300 375
117 589 375
117 591 -125
117 592 -250
117 664 375
118 124 125
118 252 375
118 460 -125
118 462 125
118 463 250
118 541 -125
118 543 125
118 544 250
118 664 -125.5
119 664 -125
120 664 -125
121 122 375
121 126 -125
121 253 375
121 641 375
121 643 -125
121 644 -250
121 664 375
122 126 125
122 396 375
122 664 25
123 230 375
123 377 -125
124 664 -125
125 171 250
125 416 -250
125 131 250
125 129 -125
125 127 -375
125 664 -625
126 664 -125
127 171 125
127 416 -125
127 131 125
127 129 -125
127 664 -375
128 656 -250
128 655 -125
128 134 375
128 653 375
128 664 249.5
129 664 -125
130 322 -250
130 393 250
130 426 250
130 278 -125
130 267 -375
130 664 -625
131 171 -125
131 416 375
132 494 -250
132 493 -125
132 389 375
132 491 375
132 664 249.5
133 134 375
133 600 -125
133 385 375
133 456 375
133 458 -125
133 459 -250
133 664 375
134 600 125
134 653 -125
134 655 125
134 656 250
134 664 -125.5
135 186 375
135 287 375
135 352 -375
135 152 375
135 145 -125
135 139 -500
135 137 -875
135 664 -1750
136 150 -250
136 209 250
136 602 250
136 609 -125
136 664 -625
137 186 250
137 287 250
137 352 -250
137 152 250
137 145 -125
137 139 -375
137 664 -1250
138 233 375
138 141 -125
138 142 -250
138 143 -375
138 664 -850
139 186 125
139 287 125
139 352 -125
139 152 125
139 145 -125
139 664 -750
140 141 -125
140 142 -125
140 143 -125
140 664 -250
141 233 125
141 142 -375
141 143 -500
141 664 -500
142 233 250
142 143 -875
142 664 -750
143 233 375
143 664 -1000
144 153 375
144 597 375
144 147 -125
144 148 -250
144 149 -375
144 664 -1000.5
145 664 -250
146 147 -125
146 148 -125
146 149 -125
146 664 -250
147 153 125
147 597 125
147 148 -375
147 149 -500
147 664 -500
148 153 250
148 597 250
148 149 -875
148 664 -750
149 153 375
149 597 375
149 664 -1000
150 151 375
150 157 -125
150 209 375
150 602 375
150 664 375
151 157 125
151 170 375
151 578 -125
151 580 125
151 581 250
151 664 25
152 186 -125
152 287 -125
152 352 375
152 664 250
153 597 -125
153 161 250
153 158 375
153 160 125
153 664 750
154 155 375
154 163 -125
154 438 375
154 435 375
154 418 -125
154 414 -250
154 412 -375
154 664 375
155 351 375
155 163 125
155 424 -125
155 425 -125
155 426 -125
155 427 -125
155 496 125
155 497 250
155 498 375
155 499 500
155 500 625
155 664 999.5
156 183 250
156 210 -250
156 168 250
156 164 -125
156 162 -375
156 664 -625
157 664 -125
158 160 -125
158 161 -250
158 664 -500.5
159 160 -125
159 161 -125
159 664 -125
160 161 -375
160 664 -125
161 664 -125
162 183 125
162 210 -125
162 168 125
162 164 -125
162 664 -375
163 664 -125
164 664 -125
165 172 -250
165 174 -125
165 337 375
165 180 375
165 664 249.5
166 167 375
166 173 -125
166 312 375
166 620 375
166 622 -125
166 623 -250
166 664 375
167 173 125
167 392 375
167 649 -125
167 651 125
167 652 250
167 664 -125.5
168 183 -125
168 210 375
169 189 375
169 199 125
169 221 250
170 171 375
170 175 -125
170 578 375
170 580 -125
170 581 -250
170 664 375
171 175 125
171 416 375
171 664 -125.5
172 337 250
172 180 250
172 176 -125
172 174 -375
172 664 -625
173 664 -125
174 337 125
174 180 125
174 176 -125
174 664 -375
175 664 -125
176 664 -125
177 455 -250
177 454 -125
177 292 375
177 452 375
177 664 400
178 179 375
178 185 -125
178 564 375
178 566 -125
178 567 -250
178 664 375
179 185 125
179 360 375
179 645 -125
179 647 125
179 648 250
179 664 -125.5
180 337 -125
181 199 -125
181 221 -125
181 664 -125
182 183 375
182 188 -125
182 209 375
182 585 375
182 587 -125
182 588 -250
182 664 375
183 188 125
183 210 375
183 664 -125.5
184 332 -250
184 397 250
184 194 250
184 191 -125
184 187 -375
184 664 -625
185 664 -125
186 192 125
186 287 -125
186 352 375
186 628 -125
186 630 125
186 631 250
186 664 124.5
187 332 -125
187 397 125
187 194 125
187 191 -125
187 664 -375
188 664 -125
189 190 375
189 195 -125
189 199 -125
189 221 -250
189 664 375
190 195 125
190 506 -125
190 508 125
190 509 250
190 664 -125.5
191 664 -125
192 664 -125
193 664 -125
194 332 375
194 397 -125
195 664 -125
196 197 375
196 357 375
196 437 375
196 358 375
196 350 -125
196 348 -250
196 346 -375
196 664 375
197 610 -125
197 612 125
197 613 250
197 664 -125.5
198 323 250
198 336 -250
198 216 250
198 214 -125
198 204 -375
198 664 -625
199 221 -375
199 664 -375
200 233 375
200 202 -125
200 203 -250
200 664 -500.5
201 202 -125
201 203 -125
201 664 -125
202 233 125
202 203 -375
202 664 -125
203 233 250
203 664 -125
204 323 125
204 336 -125
204 216 125
204 214 -125
204 664 -375
205 215 375
205 207 -125
205 208 -250
205 664 -500.5
206 207 -125
206 208 -125
206 664 -125
207 215 125
207 208 -375
207 664 -125
208 215 250
208 664 -125
209 210 375
209 212 -125
209 213 -250
209 340 375
209 585 -125
209 587 125
209 588 250
209 602 -125
209 598 -125
209 562 125
209 539 250
209 664 -500.5
210 212 125
210 213 250
210 664 500
211 212 -125
211 213 -125
211 664 -125
212 213 -375
212 664 -125
213 664 -125
214 664 -125
215 282 250
215 279 375
215 281 125
215 664 500
216 323 -125
216 336 375
217 378 -375
217 382 -250
217 398 375
217 394 375
217 386 -125
217 664 249.5
218 252 -125
218 253 125
218 664 -125
219 364 -250
219 409 250
219 661 250
219 662 -125
219 663 -375
219 664 -625
220 257 250
220 372 -250
220 226 250
220 224 -125
220 222 -375
220 664 -625
221 664 -625
222 257 125
222 372 -125
222 226 125
222 224 -125
222 664 -375
223 376 -250
223 405 250
223 406 250
223 324 -125
223 228 -375
223 664 -625
224 664 -125
225 607 -125
225 664 125
226 257 -125
226 372 375
227 424 125
227 664 -125
228 376 -125
228 405 125
228 406 125
228 324 -125
228 664 -375
229 619 -375
229 618 -250
229 373 375
229 614 375
229 615 375
229 617 -125
229 664 249.5
230 231 375
230 237 -125
230 377 375
230 664 375
231 237 125
231 311 375
231 664 -125.5
232 556 250
232 555 125
232 553 -125
232 664 -0.5
233 664 750
234 235 375
234 241 -125
234 400 375
234 250 375
234 240 -125
234 236 -250
234 664 375
235 241 125
235 404 375
235 557 -125
235 559 125
235 560 250
235 664 -125.5
236 400 250
236 250 250
236 244 -125
236 240 -375
236 664 -625
237 664 -125
238 239 375
238 276 -125
238 624 375
238 626 -125
238 627 -250
238 664 375
239 276 125
239 528 -125
239 529 -125
239 531 125
239 532 250
239 533 375
239 664 124.5
240 400 125
240 250 125
240 244 -125
240 664 -375
241 664 -125
242 243 375
242 251 -125
242 246 125
242 247 250
242 440 375
242 442 -125
242 443 -250
242 664 500
243 251 375
243 246 -125
243 247 -250
243 664 -500.5
244 664 -125
245 246 -125
245 247 -125
245 664 -125
246 251 125
246 247 -375
246 664 -125
247 251 250
247 664 -125
248 249 375
248 255 -125
248 664 375
249 318 375
249 255 125
249 424 -125
249 425 -125
249 426 -125
249 427 -125
249 429 125
249 430 250
249 431 375
249 432 500
249 433 625
249 664 999.5
250 400 -125
251 439 -375
251 419 -250
251 636 375
251 637 375
251 344 375
251 355 -125
251 664 499.5
252 253 375
252 541 375
252 543 -125
252 544 -250
252 664 375
253 641 -125
253 643 125
253 644 250
253 664 -125.5
254 258 -250
254 264 250
254 262 -125
254 256 -375
254 664 -625
255 664 -125
256 258 -125
256 264 125
256 262 -125
256 664 -375
257 263 375
257 258 375
257 260 -125
257 261 -250
257 372 375
257 572 -125
257 573 -125
257 575 125
257 576 250
257 577 375
257 664 -100
258 263 -125
258 260 125
258 261 250
258 264 375
258 664 500
259 260 -125
259 261 -125
259 664 -125
260 263 125
260 261 -375
260 664 -125
261 263 250
261 664 -125
262 664 -125
263 371 250
263 370 125
263 270 -125
263 368 375
263 664 500
265 571 -250
265 570 -125
265 373 375
265 568 375
265 664 400
266 319 500
266 408 -500
266 305 500
266 301 500
266 297 500
266 293 -125
266 285 -625
266 277 -1125
266 268 -1625
266 664 -3875
267 322 -125
267 393 125
267 426 125
267 278 -125
267 664 -375
268 319 375
268 408 -375
268 305 375
268 301 375
268 297 375
268 293 -125
268 285 -500
268 277 -875
268 664 -3000
269 505 -375
269 504 -250
269 427 375
269 501 375
269 503 -125
269 664 400
270 271 375
270 272 -125
270 274 125
270 275 250
270 368 375
270 370 125
270 371 250
270 469 375
270 470 375
270 472 -125
270 473 -250
270 664 750
271 272 375
271 274 -125
271 275 -250
271 328 375
271 573 -125
271 366 125
271 362 250
271 664 -500.5
272 274 125
272 275 250
272 308 375
272 608 -125
272 601 -250
272 664 500
273 274 -125
273 275 -125
273 664 -125
274 275 -375
274 664 -125
275 664 -125
276 664 -125
277 319 250
277 408 -250
277 305 250
277 301 250
277 297 250
277 293 -125
277 285 -375
277 664 -2125
278 664 -125
279 281 -125
279 282 -250
279 664 -500.5
280 281 -125
280 282 -125
280 664 -125
281 282 -375
281 664 -125
282 664 -125
283 284 375
283 294 -125
283 549 375
283 551 -125
283 552 -250
283 664 375
284 294 125
284 603 -125
284 605 125
284 606 250
284 664 25
285 319 125
285 408 -125
285 305 125
285 301 125
285 297 125
285 293 -125
285 664 -1250
286 327 -125
286 540 250
286 347 375
286 338 125
286 342 250
286 523 125
286 415 375
287 289 -125
287 290 -250
287 352 375
287 664 -250.5
288 289 -125
288 290 -125
288 664 -125
289 290 -375
289 664 -125
290 664 -125
291 292 375
291 298 -125
291 561 375
291 584 -125
291 599 -250
291 664 375
292 298 125
292 452 -125
292 454 125
292 455 250
292 664 -125.5
293 664 -375
294 664 -125
295 296 375
295 302 -125
295 534 375
295 536 -125
295 537 -250
295 664 375
296 302 125
296 478 -125
296 480 125
296 481 250
296 664 -125.5
297 319 -125
297 408 375
297 305 -125
297 301 -125
297 664 625
298 664 -125
299 300 375
299 306 -125
299 522 375
299 485 -125
299 483 -250
299 664 375
300 306 125
300 589 -125
300 591 125
300 592 250
300 664 -125.5
301 319 -125
301 408 375
301 305 -125
301 664 625
302 664 -125
303 304 375
303 310 -125
303 333 375
303 593 375
303 595 -125
303 596 -250
303 664 375
304 310 125
304 388 375
304 513 -125
304 515 125
304 516 250
304 664 -125.5
305 319 -125
305 408 375
305 664 625
306 664 -125
307 308 375
307 314 -125
307 517 375
307 519 -125
307 520 -250
307 664 375
308 314 125
308 608 125
308 601 250
308 664 -125.5
309 320 250
309 317 250
309 315 -125
309 313 -375
309 664 -625
310 664 -125
311 312 375
311 316 -125
311 664 375
312 316 125
312 620 -125
312 622 125
312 623 250
312 664 -125.5
313 320 125
313 317 125
313 315 -125
313 664 -375
314 664 -125
315 664 -125
316 664 -125
317 320 -125
318 433 -625
318 432 -500
318 424 375
318 425 375
318 426 375
318 427 375
318 429 -125
318 430 -250
318 431 -375
318 664 -125.5
319 325 125
319 408 375
319 664 499.5
321 338 -125
321 342 -125
321 664 -125
322 323 375
322 335 -125
322 393 375
322 426 375
322 664 375
323 335 125
323 336 375
323 664 25
324 664 -125
325 664 -125
326 327 375
326 328 -125
326 330 125
326 331 250
326 440 375
326 512 125
326 664 375
327 328 375
327 330 -125
327 331 -250
327 415 375
327 523 125
327 540 250
327 664 -500.5
328 330 125
328 331 250
328 573 375
328 366 -125
328 362 -250
328 664 500
329 330 -125
329 331 -125
329 664 -125
330 331 -375
330 664 -125
331 664 -125
332 333 375
332 339 -125
332 397 375
332 664 375
333 339 125
333 593 -125
333 595 125
333 596 250
333 664 25
334 482 125
334 664 -125
335 664 -125
336 337 375
336 343 -125
336 664 375
337 343 125
337 664 -125.5
338 347 -125
338 342 -375
338 664 -375
339 664 -125
340 341 375
340 345 -125
340 598 375
340 562 -125
340 539 -250
340 664 375
341 345 125
341 474 -125
341 476 125
341 477 250
341 664 -125.5
342 347 -250
342 664 -625
343 664 -125
344 636 -125
344 637 -125
344 355 125
344 419 250
344 439 375
344 664 250
345 664 -125
346 357 375
346 437 375
346 358 375
346 354 -125
346 350 -500
346 348 -875
346 664 -1750
347 664 249.5
348 357 250
348 437 250
348 358 250
348 354 -125
348 350 -375
348 664 -1250
349 355 -125
349 419 -125
349 439 -125
349 664 -250
350 357 125
350 437 125
350 358 125
350 354 -125
350 664 -750
351 500 -625
351 499 -500
351 424 375
351 425 375
351 426 375
351 427 375
351 496 -125
351 497 -250
351 498 -375
351 664 -125.5
352 353 375
352 359 -125
352 664 375
353 359 125
353 664 -125.5
354 664 -250
355 636 125
355 637 125
355 419 -375
355 439 -500
355 664 -750
356 357 375
356 363 -125
356 417 375
356 487 375
356 489 -125
356 490 -250
356 664 375
357 363 125
357 437 -125
357 358 -125
357 664 275
358 437 -125
358 664 250
359 664 -125
360 361 375
360 367 -125
360 645 375
360 647 -125
360 648 -250
360 664 375
361 367 125
361 384 375
361 657 -125
361 659 125
361 660 250
361 664 -125.5
362 573 250
362 374 -125
362 366 -375
362 664 -625
363 664 -125
364 365 375
364 375 -125
364 409 375
364 661 375
364 663 -125
364 664 375
365 375 125
365 664 -125.5
366 573 125
366 374 -125
366 664 -375
367 664 -125
368 370 -125
368 371 -250
368 664 -350
369 370 -125
369 371 -125
369 664 -125
370 371 -375
370 664 -125
371 664 -125
372 373 375
372 379 -125
372 664 375
373 379 125
373 568 -125
373 570 125
373 571 250
373 614 -125
373 615 -125
373 617 125
373 618 250
373 619 375
373 664 124.5
374 664 -125
375 664 -125
376 377 375
376 383 -125
376 405 375
376 406 375
376 664 375
377 383 125
377 664 25
378 398 375
378 394 375
378 390 -125
378 386 -500
378 382 -875
378 664 -1750
379 664 -125
380 381 375
380 387 -125
380 421 375
380 524 375
380 526 -125
380 527 -250
380 664 375
381 387 125
381 448 -125
381 450 125
381 451 250
381 664 -125.5
382 398 250
382 394 250
382 390 -125
382 386 -375
382 664 -1250
383 664 -125
384 385 375
384 391 -125
384 657 375
384 659 -125
384 660 -250
384 664 375
385 391 125
385 456 -125
385 458 125
385 459 250
385 664 -125.5
386 398 125
386 394 125
386 390 -125
386 664 -750
387 664 -125
388 389 375
388 395 -125
388 513 375
388 515 -125
388 516 -250
388 664 375
389 395 125
389 491 -125
389 493 125
389 494 250
389 664 -125.5
390 664 -250
391 664 -125
392 393 375
392 399 -125
392 649 375
392 651 -125
392 652 -250
392 664 375
393 399 125
393 426 -125
393 664 -125.5
394 398 -125
394 664 250
395 664 -125
396 397 375
396 407 -125
396 664 375
397 407 125
397 664 25
398 664 250
399 664 -125
400 402 -125
400 403 -250
400 664 -500.5
401 402 -125
401 403 -125
401 664 -125
402 403 -375
402 664 -125
403 664 -125
404 405 375
404 411 -125
404 557 375
404 559 -125
404 560 -250
404 664 375
405 411 125
405 406 -125
405 664 -125.5
407 664 -125
408 409 375
408 413 -125
408 664 250
409 413 125
409 661 -125
409 663 125
409 664 -125.5
410 637 125
410 664 -125
411 664 -125
412 438 375
412 435 375
412 422 -125
412 418 -500
412 414 -875
412 664 -1750
413 664 -125
414 438 250
414 435 250
414 422 -125
414 418 -375
414 664 -1250
415 540 -250
415 523 -125
415 664 249.5
416 417 375
416 423 -125
416 664 375
417 423 125
417 487 -125
417 489 125
417 490 250
417 664 -125.5
418 438 125
418 435 125
418 422 -125
418 664 -750
419 636 250
419 637 250
419 439 -875
419 664 -1250
420 421 375
420 436 -125
420 444 375
420 446 -125
420 447 -250
420 664 375
421 436 125
421 524 -125
421 526 125
421 527 250
421 664 -125.5
422 664 -250
423 664 -125
424 425 -250
424 426 -250
424 427 -250
424 429 125
424 430 250
424 431 375
424 432 500
424 433 625
424 496 125
424 497 250
424 498 375
424 499 500
424 500 625
424 664 2125
425 426 -250
425 427 -250
425 429 125
425 430 250
425 431 375
425 432 500
425 433 625
425 496 125
425 497 250
425 498 375
425 499 500
425 500 625
425 664 2250
426 427 -250
426 429 125
426 430 250
426 431 375
426 432 500
426 433 625
426 496 125
426 497 250
426 498 375
426 499 500
426 500 625
426 664 2250
427 429 125
427 430 250
427 431 375
427 432 500
427 433 625
427 496 125
427 497 250
427 498 375
427 499 500
427 500 625
427 501 -125
427 503 125
427 504 250
427 505 375
427 664 2500
428 429 -125
428 430 -125
428 431 -125
428 432 -125
428 433 -125
428 664 -500
429 430 -375
429 431 -500
429 432 -625
429 433 -750
429 664 -1875
430 431 -875
430 432 -1125
430 433 -1375
430 664 -3250
431 432 -1625
431 433 -2000
431 664 -4625
432 433 -2625
432 664 -6000
433 664 -7375
434 664 -125
435 438 -125
435 664 250
436 664 -125
437 484 -125
437 664 125
438 664 250
439 636 375
439 637 375
439 664 -1750
440 442 125
440 443 250
440 512 -125
440 664 -125
441 442 -125
441 443 -125
441 664 -125
442 443 -375
442 664 -375
443 664 -625
444 446 125
444 447 250
445 446 -125
445 447 -125
445 664 -125
446 447 -375
446 664 -375
447 664 -625
448 450 125
448 451 250
449 450 -125
449 451 -125
449 664 -125
450 451 -375
450 664 -375
451 664 -625
452 455 250
452 454 125
453 454 -125
453 455 -125
453 664 -125
454 455 -375
454 664 -375
455 664 -625
456 458 125
456 459 250
457 458 -125
457 459 -125
457 664 -125
458 459 -375
458 664 -375
459 664 -625
460 462 125
460 463 250
461 462 -125
461 463 -125
461 664 -125
462 463 -375
462 664 -375
463 664 -625
464 465 -125
464 467 125
464 468 250
465 467 125
465 468 250
466 467 -125
466 468 -125
466 664 -125
467 468 -375
467 664 -375
468 664 -625
469 470 -125
469 472 125
469 473 250
470 472 125
470 473 250
471 472 -125
471 473 -125
471 664 -125
472 473 -375
472 664 -375
473 664 -625
474 477 250
474 476 125
475 476 -125
475 477 -125
475 664 -125
476 477 -375
476 664 -375
477 664 -625
478 481 250
478 480 125
479 480 -125
479 481 -125
479 664 -125
480 481 -375
480 664 -375
481 664 -625
482 486 -125
482 664 -250
483 522 250
483 511 -125
483 485 -375
483 664 -625
484 664 125
485 522 125
485 511 -125
485 664 -375
486 664 125
487 489 125
487 490 250
488 489 -125
488 490 -125
488 664 -125
489 490 -375
489 664 -375
490 664 -625
491 494 250
491 493 125
492 493 -125
492 494 -125
492 664 -125
493 494 -375
493 664 -375
494 664 -625
495 496 -125
495 497 -125
495 498 -125
495 499 -125
495 500 -125
495 664 -500
496 497 -375
496 498 -500
496 499 -625
496 500 -750
496 664 -1875
497 498 -875
497 499 -1125
497 500 -1375
497 664 -3250
498 499 -1625
498 500 -2000
498 664 -4625
499 500 -2625
499 664 -6000
500 664 -7375
501 503 125
501 504 250
501 505 375
501 664 250
502 503 -125
502 504 -125
502 505 -125
502 664 -250
503 504 -375
503 505 -500
503 664 -750
504 505 -875
504 664 -1250
505 664 -1750
506 508 125
506 509 250
507 508 -125
507 509 -125
507 664 -125
508 509 -375
508 664 -375
509 664 -625
510 523 -125
510 540 -125
510 664 -125
511 664 -125
512 664 125
513 515 125
513 516 250
514 515 -125
514 516 -125
514 664 -125
515 516 -375
515 664 -375
516 664 -625
517 519 125
517 520 250
518 519 -125
518 520 -125
518 664 -125
519 520 -375
519 664 -375
520 664 -625
521 664 -125
523 540 -375
523 664 -375
524 526 125
524 527 250
525 526 -125
525 527 -125
525 664 -125
526 527 -375
526 664 -375
527 664 -625
528 529 -125
528 531 125
528 532 250
528 533 375
528 664 250
529 531 125
529 532 250
529 533 375
529 664 250
530 531 -125
530 532 -125
530 533 -125
530 664 -250
531 532 -375
531 533 -500
531 664 -750
532 533 -875
532 664 -1250
533 664 -1750
534 536 125
534 537 250
535 536 -125
535 537 -125
535 664 -125
536 537 -375
536 664 -375
537 664 -625
538 664 -125
539 598 250
539 583 -125
539 562 -375
539 664 -625
540 664 -625
541 543 125
541 544 250
542 543 -125
542 544 -125
542 664 -125
543 544 -375
543 664 -375
544 664 -625
545 547 125
545 548 250
546 547 -125
546 548 -125
546 664 -125
547 548 -375
547 664 -375
548 664 -625
549 551 125
549 552 250
550 551 -125
550 552 -125
550 664 -125
551 552 -375
551 664 -375
552 664 -625
553 556 250
553 555 125
554 555 -125
554 556 -125
554 664 -125
555 556 -375
555 664 -375
556 664 -625
557 559 125
557 560 250
558 559 -125
558 560 -125
558 664 -125
559 560 -375
559 664 -375
560 664 -625
561 584 125
561 599 250
562 598 125
562 583 -125
562 664 -375
563 584 -125
563 599 -125
563 664 -125
564 566 125
564 567 250
565 566 -125
565 567 -125
565 664 -125
566 567 -375
566 664 -375
567 664 -625
568 571 250
568 570 125
569 570 -125
569 571 -125
569 664 -125
570 571 -375
570 664 -375
571 664 -625
572 573 -125
572 575 125
572 576 250
572 577 375
572 664 250
573 575 125
573 576 250
573 577 375
573 664 250
574 575 -125
574 576 -125
574 577 -125
574 664 -250
575 576 -375
575 577 -500
575 664 -750
576 577 -875
576 664 -1250
577 664 -1750
578 580 125
578 581 250
579 580 -125
579 581 -125
579 664 -125
580 581 -375
580 664 -375
581 664 -625
582 664 499.5
583 664 -125
584 599 -375
584 664 -375
585 587 125
585 588 250
586 587 -125
586 588 -125
586 664 -125
587 588 -375
587 664 -375
588 664 -625
589 591 125
589 592 250
590 591 -125
590 592 -125
590 664 -125
591 592 -375
591 664 -375
592 664 -625
593 595 125
593 596 250
594 595 -125
594 596 -125
594 664 -125
595 596 -375
595 664 -375
596 664 -625
597 664 750
599 664 -625
600 664 -125
601 608 -375
601 664 -625
603 605 125
603 606 250
604 605 -125
604 606 -125
604 664 -125
605 606 -375
605 664 -375
606 664 -625
607 664 -250
608 664 -375
609 664 -125
610 612 125
610 613 250
611 612 -125
611 613 -125
611 664 -125
612 613 -375
612 664 -375
613 664 -625
614 615 -125
614 617 125
614 618 250
614 619 375
614 664 250
615 617 125
615 618 250
615 619 375
615 664 250
616 617 -125
616 618 -125
616 619 -125
616 664 -250
617 618 -375
617 619 -500
617 664 -750
618 619 -875
618 664 -1250
619 664 -1750
620 622 125
620 623 250
621 622 -125
621 623 -125
621 664 -125
622 623 -375
622 664 -375
623 664 -625
624 626 125
624 627 250
625 626 -125
625 627 -125
625 664 -125
626 627 -375
626 664 -375
627 664 -625
628 630 125
628 631 250
629 630 -125
629 631 -125
629 664 -125
630 631 -375
630 664 -375
631 664 -625
632 634 125
632 635 250
633 634 -125
633 635 -125
633 664 -125
634 635 -375
634 664 -375
635 664 -625
636 637 -250
636 639 125
636 640 250
636 664 250
637 639 125
637 640 250
637 664 125
638 639 -125
638 640 -125
638 664 -125
639 640 -375
639 664 -375
640 664 -625
641 643 125
641 644 250
642 643 -125
642 644 -125
642 664 -125
643 644 -375
643 664 -375
644 664 -625
645 647 125
645 648 250
646 647 -125
646 648 -125
646 664 -125
647 648 -375
647 664 -375
648 664 -625
649 651 125
649 652 250
650 651 -125
650 652 -125
650 664 -125
651 652 -375
651 664 -375
652 664 -625
653 656 250
653 655 125
654 655 -125
654 656 -125
654 664 -125
655 656 -375
655 664 -375
656 664 -625
657 659 125
657 660 250
658 659 -125
658 660 -125
658 664 -125
659 660 -375
659 664 -375
660 664 -625
661 663 125
662 663 -125
662 664 -125
663 664 -375
