Iteration 1 start with 10 nodes
0 6
0 1 -2
0 2 -4
--------------------------------------
1 5
1 0 -2
1 2 2
1 3 -1
--------------------------------------
2 12
2 0 -4
2 1 2
2 3 -6
--------------------------------------
3 10
3 1 -1
3 2 -6
3 4 3
--------------------------------------
4 11
4 3 3
4 5 4
4 6 4
--------------------------------------
5 5
5 4 4
5 6 -1
--------------------------------------
6 11
6 4 4
6 5 -1
6 7 3
6 8 3
--------------------------------------
7 7
7 6 3
7 8 -1
7 9 3
--------------------------------------
8 6
8 6 3
8 7 -1
8 9 2
--------------------------------------
9 5
9 7 3
9 8 2
--------------------------------------
--------------------------------------
Find NGs with k = 2
Finding NGs in 9e-06s
Merging NGs in 0.000148s
0 7
0 4 3
0 2 -1
0 3 3
--------------------------------------
1 5
1 5 -5
--------------------------------------
2 6
2 4 3
2 0 -1
2 3 2
--------------------------------------
3 5
3 0 3
3 2 2
--------------------------------------
4 9
4 0 3
4 2 3
4 6 3
--------------------------------------
5 8
5 1 -5
5 6 3
--------------------------------------
6 6
6 4 3
6 5 3
--------------------------------------
--------------------------------------
Find NGs with k = 2
Finding NGs in 1e-05s
Iteration 1 compress 3 nodes in 0.000492s
