186 249 
0 0 0 0 0 0 0 0 0 1 0 0 0 1 0 0 0 1 0 0 0 1 0 0 0 0 0 0 0 0 0 1 0 0 0 0 0 0 0 0 1 0 0 0 1 0 0 0 0 0 0 0 0 1 0 0 0 1 0 0 0 1 0 0 0 0 0 0 0 0 0 0 0 0 0 0 0 0 0 0 0 0 0 0 1 0 0 0 0 0 0 0 0 0 0 0 0 0 1 0 0 0 1 0 0 1 0 0 0 1 0 0 1 0 0 0 0 0 0 0 0 1 0 0 0 1 0 0 0 1 0 1 0 0 0 0 0 0 0 0 0 0 1 0 0 0 0 0 0 0 0 0 0 0 0 0 0 0 1 0 0 0 0 0 0 0 0 0 0 0 0 1 0 0 1 0 0 0 0 0 0 0 0 0 0 0 0 0 0 0 0 0 0 0 0 0 0 0 0 0 0 0 0 0 0 0 0 0 0 0 0 0 0 1 0 0 1 0 0 0 0 0 0 1 0 0 0 0 0 0 0 0 0 0 0 0 0 0 0 0 0 0 0 0 0 0 0 0 1 
1 0 
1 1 
1 247 
1 3 
1 4 
1 5 
1 246 
2 222 2 
1 245 
2 7 6 
1 244 
1 189 
1 243 
2 11 10 
1 242 
1 15 
1 241 
2 51 14 
1 240 
2 17 16 
1 239 
2 19 18 
1 238 
1 23 
1 237 
1 25 
1 26 
1 27 
1 236 
1 29 
1 235 
2 103 28 
1 234 
1 33 
1 233 
1 35 
1 36 
1 37 
2 212 32 
1 232 
2 38 34 
1 231 
1 190 
1 230 
2 42 41 
1 45 
1 46 
1 47 
1 48 
1 49 
1 50 
1 191 
1 229 
1 192 
1 228 
1 188 
1 227 
1 185 
1 58 
1 59 
1 226 
1 186 
1 62 
1 63 
1 64 
1 65 
1 66 
1 67 
1 68 
1 225 
1 70 
1 71 
1 72 
1 73 
1 74 
1 75 
1 76 
1 77 
1 78 
1 79 
1 80 
1 81 
1 82 
1 193 
2 173 69 
1 85 
1 86 
1 194 
1 88 
1 89 
1 90 
1 91 
1 92 
1 93 
1 94 
1 95 
1 96 
1 195 
2 157 87 
1 99 
1 100 
1 221 
2 98 97 
2 141 24 
1 220 
2 102 101 
1 219 
1 187 
1 218 
3 130 54 55 
1 110 
1 196 
3 170 106 107 
1 113 
1 114 
1 115 
1 116 
1 117 
1 197 
2 112 111 
1 198 
2 119 118 
1 122 
1 123 
1 199 
1 200 
1 126 
1 127 
1 201 
2 125 124 
1 202 
2 31 30 
2 129 128 
1 133 
1 134 
1 135 
1 136 
1 137 
1 138 
1 139 
1 140 
2 215 22 
1 211 
1 203 
1 144 
1 145 
1 146 
1 147 
1 148 
1 149 
1 150 
1 151 
1 152 
1 153 
1 154 
1 155 
1 156 
2 84 83 
1 210 
1 204 
1 160 
1 161 
1 162 
1 163 
1 164 
1 165 
1 166 
1 167 
1 168 
1 169 
1 205 
1 209 
1 206 
2 61 60 
1 208 
1 207 
1 176 
1 177 
1 178 
1 179 
1 180 
1 181 
1 182 
1 183 
1 184 
37 109 108 57 56 175 174 172 171 159 158 105 104 143 142 132 131 53 52 213 121 120 214 21 20 216 217 248 223 224 44 43 13 12 40 39 9 8 

