186 665
0 1 375
0 38 -125
0 4 125
0 5 250
0 7 -125
0 45 -125
0 46 375
0 48 125
0 49 250
0 50 375
0 124 375
0 125 375
0 130 -125
0 143 -250
0 185 -1000
1 7 375
1 4 -125
1 5 -250
1 185 500.5
2 58 -250
2 161 250
2 10 250
2 8 -125
2 6 -375
2 185 625
3 4 -125
3 5 -125
3 185 125
4 7 125
4 5 -375
4 185 125
5 7 250
5 185 125
6 58 -125
6 161 125
6 10 125
6 8 -125
6 185 375
7 94 125
7 95 250
7 91 -125
7 92 375
7 185 -500
8 185 125
9 61 -250
9 57 -125
9 46 375
9 183 375
9 185 -249.5
10 58 375
10 161 -125
11 75 -125
11 113 125
11 107 125
11 55 -125
11 42 -375
11 185 375
12 85 -250
12 112 250
12 18 250
12 16 -125
12 14 -375
12 185 625
13 147 -250
13 146 -125
13 113 375
13 144 375
13 185 -249.5
14 85 -125
14 112 125
14 18 125
14 16 -125
14 185 375
15 40 375
15 17 375
15 19 125
15 159 -125
15 172 125
15 175 250
15 185 125.5
16 185 125
17 19 -125
17 39 -250
17 34 -375
17 67 375
17 123 375
17 52 375
17 41 -125
17 185 -374.5
18 85 375
18 112 -125
19 185 125
20 63 -375
20 127 375
20 32 375
20 30 375
20 28 -125
20 24 -500
20 22 -875
20 185 1750
21 54 -250
21 56 -125
21 46 375
21 69 375
21 185 -249.5
22 63 -250
22 127 250
22 32 250
22 30 250
22 28 -125
22 24 -375
22 185 1250
23 103 375
23 141 375
23 26 -125
23 27 -250
23 185 350
24 63 -125
24 127 125
24 32 125
24 30 125
24 28 -125
24 185 750
25 26 -125
25 27 -125
25 185 125
26 103 125
26 141 125
26 27 -375
26 185 125
27 103 250
27 141 250
27 185 125
28 185 250
29 131 125
29 31 375
29 126 375
29 108 -125
29 104 125
29 101 250
29 185 125.5
30 63 375
30 127 -125
30 32 -125
30 185 -250
31 131 -125
31 181 -250
31 182 -375
31 176 375
31 177 375
31 178 375
31 180 -125
31 185 -374.5
32 63 375
32 127 -125
32 185 -250
33 40 375
33 38 375
33 36 -125
33 37 -250
33 185 500.5
34 67 375
34 123 375
34 52 375
34 43 -125
34 41 -500
34 39 -875
34 185 1750
35 36 -125
35 37 -125
35 185 125
36 40 125
36 38 125
36 37 -375
36 185 125
37 40 250
37 38 250
37 185 125
38 84 -125
38 73 375
38 74 500
38 45 -125
38 46 375
38 48 125
38 49 250
38 50 375
38 58 -125
38 67 375
38 68 -125
38 40 -125
38 71 125
38 72 250
38 185 -1625
39 67 250
39 123 250
39 52 250
39 43 -125
39 41 -375
39 185 1250
40 157 -125
40 82 375
40 175 -250
40 159 375
40 172 -125
40 185 -624.5
41 67 125
41 123 125
41 52 125
41 43 -125
41 185 750
42 75 -250
42 113 250
42 107 250
42 55 -125
42 185 625
43 185 250
44 169 -250
44 168 -125
44 165 375
44 166 375
44 185 -249.5
45 46 375
45 48 125
45 49 250
45 50 375
45 110 375
45 174 375
45 158 -125
45 142 -250
45 185 -750
46 48 -125
46 49 -250
46 50 -375
46 91 375
46 144 -125
46 152 -125
46 154 125
46 155 250
46 156 375
46 183 -125
46 57 125
46 61 250
46 69 -125
46 56 125
46 54 250
46 185 750.5
47 48 -125
47 49 -125
47 50 -125
47 185 250
48 49 -375
48 50 -500
48 185 500
49 50 -875
49 185 750
50 185 1000
51 121 375
51 87 250
51 83 125
51 109 -125
52 67 -125
52 123 -125
52 185 -250
53 83 -125
53 87 -125
53 185 125
54 69 250
54 60 -125
54 56 -375
54 185 625
55 185 125
56 69 125
56 60 -125
56 185 375
57 183 125
57 184 -125
57 61 -375
57 185 375
58 84 -125
58 59 375
58 67 375
58 68 -125
58 173 -125
58 71 125
58 72 250
58 73 375
58 74 500
58 161 375
58 185 -1250
59 173 125
59 77 375
59 137 -125
59 139 125
59 140 250
59 185 125.5
60 185 125
61 183 250
61 184 -125
61 185 625
62 141 375
62 63 375
62 65 -125
62 66 -250
62 185 500.5
63 141 -125
63 65 125
63 66 250
63 127 375
63 185 -500
64 65 -125
64 66 -125
64 185 125
65 141 125
65 66 -375
65 185 125
66 141 250
66 185 125
67 84 375
67 68 375
67 71 -125
67 72 -250
67 73 -375
67 74 -500
67 123 -125
67 185 1375.5
68 84 -125
68 71 125
68 72 250
68 73 375
68 74 500
68 113 375
68 114 -125
68 116 125
68 117 250
68 160 375
68 161 375
68 163 -125
68 164 -250
68 185 -1375
70 71 -125
70 72 -125
70 73 -125
70 74 -125
70 185 375
71 84 125
71 72 -375
71 73 -500
71 74 -625
71 185 1000
72 84 250
72 73 -875
72 74 -1125
72 185 1625
73 84 375
73 74 -1625
73 185 2250
74 84 500
74 185 2875
75 84 -125
75 76 375
75 77 -125
75 79 125
75 80 250
75 81 375
75 113 375
75 107 375
75 185 -750
76 84 375
76 77 375
76 79 -125
76 80 -250
76 81 -375
76 185 1000.5
77 84 -125
77 79 125
77 80 250
77 81 375
77 137 375
77 139 -125
77 140 -250
77 185 -750
78 79 -125
78 80 -125
78 81 -125
78 185 250
79 84 125
79 80 -375
79 81 -500
79 185 500
80 84 250
80 81 -875
80 185 750
81 84 375
81 185 1000
82 157 125
82 122 375
82 148 -125
82 150 125
82 151 250
82 185 125.5
83 109 125
83 121 -125
83 87 -375
83 185 375
84 185 -1375
85 86 375
85 98 -125
85 89 125
85 90 250
85 112 375
85 185 -500
86 98 375
86 89 -125
86 90 -250
86 185 500.5
87 109 250
87 121 -250
87 185 625
88 89 -125
88 90 -125
88 185 125
89 98 125
89 90 -375
89 185 125
90 98 250
90 185 125
91 92 375
91 94 125
91 95 250
91 144 375
91 152 375
91 154 -125
91 155 -250
91 156 -375
91 185 -500
92 94 -125
92 95 -250
92 185 500.5
93 94 -125
93 95 -125
93 185 125
94 95 -375
94 185 125
95 185 125
96 102 125
96 98 375
96 99 375
96 97 -125
96 118 125
96 120 250
96 185 125.5
97 99 375
97 118 125
97 120 250
98 102 -125
98 185 -375
99 100 375
99 105 -125
99 118 -125
99 120 -250
99 185 -375
100 105 125
100 114 375
100 133 -125
100 135 125
100 136 250
100 185 125.5
101 126 -250
101 108 250
101 106 -125
101 104 -375
101 185 625
102 185 125
103 119 -125
103 141 -125
103 110 375
103 185 -375
104 126 -125
104 108 125
104 106 -125
104 185 375
105 185 125
106 185 125
107 113 -125
108 126 375
109 121 375
109 185 -150
110 119 125
110 174 -125
110 158 125
110 142 250
110 185 125.5
111 118 -125
111 120 -125
111 185 125
112 185 0.5
113 114 375
113 116 -125
113 117 -250
113 144 -125
113 146 125
113 147 250
113 185 500.5
114 116 125
114 117 250
114 133 375
114 135 -125
114 136 -250
114 185 -500
115 116 -125
115 117 -125
115 185 125
116 117 -375
116 185 125
117 185 125
118 120 -375
118 185 375
119 185 125
120 185 625
121 185 -249.5
122 123 375
122 129 -125
122 148 375
122 150 -125
122 151 -250
122 185 -375
123 129 125
123 185 -124.5
124 125 -125
124 130 125
124 143 250
125 130 125
125 143 250
126 127 375
126 132 -125
126 185 -375
127 132 125
127 185 -124.5
128 130 -125
128 143 -125
128 185 125
129 185 125
130 143 -375
130 185 375
131 185 125
132 185 125
133 135 125
133 136 250
134 135 -125
134 136 -125
134 185 125
135 136 -375
135 185 375
136 185 625
137 139 125
137 140 250
138 139 -125
138 140 -125
138 185 125
139 140 -375
139 185 375
140 185 625
141 185 -500
142 174 250
142 171 -125
142 158 -375
142 185 625
143 185 625
144 146 125
144 147 250
144 152 -125
144 154 125
144 155 250
144 156 375
144 185 -250
145 146 -125
145 147 -125
145 185 125
146 147 -375
146 185 375
147 185 625
148 150 125
148 151 250
149 150 -125
149 151 -125
149 185 125
150 151 -375
150 185 375
151 185 625
152 154 125
152 155 250
152 156 375
152 185 -250
153 154 -125
153 155 -125
153 156 -125
153 185 250
154 155 -375
154 156 -500
154 185 750
155 156 -875
155 185 1250
156 185 1750
157 185 125
158 174 125
158 171 -125
158 185 375
159 175 250
159 172 125
160 161 -125
160 163 125
160 164 250
161 163 125
161 164 250
162 163 -125
162 164 -125
162 185 125
163 164 -375
163 185 375
164 185 625
165 169 250
165 166 -125
165 168 125
166 169 250
166 168 125
167 168 -125
167 169 -125
167 185 125
168 169 -375
168 185 375
169 185 625
170 172 -125
170 175 -125
170 185 125
171 185 125
172 175 -375
172 185 375
173 185 125
175 185 625
176 177 -125
176 178 -125
176 180 125
176 181 250
176 182 375
176 185 -250
177 178 -125
177 180 125
177 181 250
177 182 375
177 185 -250
178 180 125
178 181 250
178 182 375
178 185 -250
179 180 -125
179 181 -125
179 182 -125
179 185 250
180 181 -375
180 182 -500
180 185 750
181 182 -875
181 185 1250
182 185 1750
184 185 125
